6.933759680693056282e+01 2.245415890724722363e-02 1.148689819791174072e-01 9.548937893716877290e-02 2.259442222510433365e-09 9.716837693020083933e-01 2.585925811834945307e+03
6.933759680693056282e+01 2.245415890724722363e-02 1.148689819791174072e-01 9.548937893716877290e-02 2.259442222510433365e-09 9.716837693020083933e-01 2.585925811834945307e+03
6.952783410717943013e+01 2.244239495739066420e-02 1.144553725556420876e-01 9.758746911547837299e-02 2.264877933047649175e-09 9.751971439493747340e-01 2.583104609068222999e+03
6.970904317014043272e+01 2.243882176352807872e-02 1.139468870975188647e-01 1.038559002359025207e-01 2.289663887455612175e-09 9.767294210497454721e-01 2.583368135608408920e+03
6.989262453912738238e+01 2.243926313442349760e-02 1.135930602613356571e-01 1.039358134184709959e-01 2.287027784727365476e-09 9.790978509464682844e-01 2.582668031562254328e+03
6.989262453912738238e+01 2.243926313442349760e-02 1.135930602613356571e-01 1.039358134184709959e-01 2.287027784727365476e-09 9.790978509464682844e-01 2.582668031562254328e+03
6.989262453912738238e+01 2.243926313442349760e-02 1.135930602613356571e-01 1.039358134184709959e-01 2.287027784727365476e-09 9.790978509464682844e-01 2.582668031562254328e+03
6.989262453912738238e+01 2.243926313442349760e-02 1.135930602613356571e-01 1.039358134184709959e-01 2.287027784727365476e-09 9.790978509464682844e-01 2.582668031562254328e+03
7.017569297444732968e+01 2.240266373094891572e-02 1.132779930425231729e-01 9.924386475905414007e-02 2.265073839382955585e-09 9.805049533538241491e-01 2.584942956754723582e+03
7.014588615518813697e+01 2.241203617014287178e-02 1.131556188960288339e-01 9.716009866125036032e-02 2.256203620262581993e-09 9.799729814427060592e-01 2.585885601089055854e+03
7.014588615518813697e+01 2.241203617014287178e-02 1.131556188960288339e-01 9.716009866125036032e-02 2.256203620262581993e-09 9.799729814427060592e-01 2.585885601089055854e+03
7.014588615518813697e+01 2.241203617014287178e-02 1.131556188960288339e-01 9.716009866125036032e-02 2.256203620262581993e-09 9.799729814427060592e-01 2.585885601089055854e+03
7.014588615518813697e+01 2.241203617014287178e-02 1.131556188960288339e-01 9.716009866125036032e-02 2.256203620262581993e-09 9.799729814427060592e-01 2.585885601089055854e+03
7.015378221327188157e+01 2.241324797230519542e-02 1.132189434992457444e-01 1.016571065983328109e-01 2.275204137524409311e-09 9.790968314884486157e-01 2.584481015740198018e+03
7.016966564535393047e+01 2.242068633509058939e-02 1.132065924738116097e-01 9.585296834009494893e-02 2.250750690731130758e-09 9.797348866691456548e-01 2.585809880862308091e+03
7.023935240204275487e+01 2.243439328042119707e-02 1.129345459546796104e-01 1.128690607254068390e-01 2.319457489005131222e-09 9.817514347845669453e-01 2.581610672730169881e+03
7.042253956191244413e+01 2.246340875431099629e-02 1.123140584616115351e-01 1.167287902466457306e-01 2.333889434192582550e-09 9.847374194207505482e-01 2.582580508620235378e+03
7.042253956191244413e+01 2.246340875431099629e-02 1.123140584616115351e-01 1.167287902466457306e-01 2.333889434192582550e-09 9.847374194207505482e-01 2.582580508620235378e+03
7.034196368387245002e+01 2.247404518640755064e-02 1.125397222194520069e-01 1.243341484873042441e-01 2.366866049973817354e-09 9.851498982506378121e-01 2.581251782697861017e+03
6.998430848895429790e+01 2.245513197319843474e-02 1.135184701281636427e-01 1.034548716588889195e-01 2.283203642067647767e-09 9.810824809942723101e-01 2.581896161767918784e+03
6.998430848895429790e+01 2.245513197319843474e-02 1.135184701281636427e-01 1.034548716588889195e-01 2.283203642067647767e-09 9.810824809942723101e-01 2.581896161767918784e+03
6.974030952587852994e+01 2.247001592184521765e-02 1.143542105472128423e-01 9.837640505302132354e-02 2.266649755020778849e-09 9.787717998530954810e-01 2.581600906216521253e+03
6.974030952587852994e+01 2.247001592184521765e-02 1.143542105472128423e-01 9.837640505302132354e-02 2.266649755020778849e-09 9.787717998530954810e-01 2.581600906216521253e+03
6.974030952587852994e+01 2.247001592184521765e-02 1.143542105472128423e-01 9.837640505302132354e-02 2.266649755020778849e-09 9.787717998530954810e-01 2.581600906216521253e+03
6.939887581192988364e+01 2.250892816588594483e-02 1.152435998503662379e-01 1.131756479306794266e-01 2.334790021970541549e-09 9.761695896806596995e-01 2.578668393642057708e+03
6.939887581192988364e+01 2.250892816588594483e-02 1.152435998503662379e-01 1.131756479306794266e-01 2.334790021970541549e-09 9.761695896806596995e-01 2.578668393642057708e+03
6.919485851176895608e+01 2.252136484190062071e-02 1.157004235582235890e-01 1.107967633119081169e-01 2.325983637026642986e-09 9.764637325567877557e-01 2.577554607904316981e+03
6.947404491390896908e+01 2.251687595939475678e-02 1.148917823013193562e-01 1.119965916761679892e-01 2.326897729888485216e-09 9.785875827288990081e-01 2.578085945768777037e+03
6.940134993430586974e+01 2.250628942370586777e-02 1.152312158291546457e-01 1.177696183417809156e-01 2.353138373386325620e-09 9.773026526654374768e-01 2.578682363035686649e+03
6.940134993430586974e+01 2.250628942370586777e-02 1.152312158291546457e-01 1.177696183417809156e-01 2.353138373386325620e-09 9.773026526654374768e-01 2.578682363035686649e+03
6.942097907475827867e+01 2.253724618368115398e-02 1.152038958824032483e-01 1.086131104678572379e-01 2.314650320155038714e-09 9.788882545363861709e-01 2.578986052253054368e+03
6.947378755866513700e+01 2.253083660030813506e-02 1.150663410781772311e-01 1.123855294219345685e-01 2.329502056186588545e-09 9.793566091868919354e-01 2.578127069535766168e+03
6.948019017600347524e+01 2.250838459856051646e-02 1.149430223988620187e-01 1.080518015252237701e-01 2.308567920668119840e-09 9.795536874668993033e-01 2.578021624839352626e+03
6.965658552458566533e+01 2.247251941634021907e-02 1.145857597272912642e-01 9.866100357767221274e-02 2.267845840718096850e-09 9.798982017192968685e-01 2.581090531416688464e+03
6.955234855432262009e+01 2.245607008427949122e-02 1.149982131063254781e-01 9.293063188335776159e-02 2.244359046719191586e-09 9.787685895314596207e-01 2.580627173699544528e+03
6.960404602334264723e+01 2.247337126986545183e-02 1.147734599356059482e-01 1.010479024007501225e-01 2.281118972754115055e-09 9.777603510958090549e-01 2.581020513892463441e+03
6.957441246151213932e+01 2.250938985163678657e-02 1.149981162612506852e-01 1.073306599739549533e-01 2.306469569998947149e-09 9.799633135408012397e-01 2.578752968283542032e+03
6.957441246151213932e+01 2.250938985163678657e-02 1.149981162612506852e-01 1.073306599739549533e-01 2.306469569998947149e-09 9.799633135408012397e-01 2.578752968283542032e+03
6.979984718515574116e+01 2.253833508069404482e-02 1.141636236206436672e-01 1.275548099236541444e-01 2.388794215710778349e-09 9.833393874762170750e-01 2.579615473534171997e+03
6.979984718515574116e+01 2.253833508069404482e-02 1.141636236206436672e-01 1.275548099236541444e-01 2.388794215710778349e-09 9.833393874762170750e-01 2.579615473534171997e+03
6.979984718515574116e+01 2.253833508069404482e-02 1.141636236206436672e-01 1.275548099236541444e-01 2.388794215710778349e-09 9.833393874762170750e-01 2.579615473534171997e+03
6.979984718515574116e+01 2.253833508069404482e-02 1.141636236206436672e-01 1.275548099236541444e-01 2.388794215710778349e-09 9.833393874762170750e-01 2.579615473534171997e+03
6.979984718515574116e+01 2.253833508069404482e-02 1.141636236206436672e-01 1.275548099236541444e-01 2.388794215710778349e-09 9.833393874762170750e-01 2.579615473534171997e+03
6.979984718515574116e+01 2.253833508069404482e-02 1.141636236206436672e-01 1.275548099236541444e-01 2.388794215710778349e-09 9.833393874762170750e-01 2.579615473534171997e+03
6.959123408834024360e+01 2.256278346704533241e-02 1.147781259939365944e-01 1.238734000977227967e-01 2.379072551268192909e-09 9.813793482665341683e-01 2.578829328688244459e+03
6.959123408834024360e+01 2.256278346704533241e-02 1.147781259939365944e-01 1.238734000977227967e-01 2.379072551268192909e-09 9.813793482665341683e-01 2.578829328688244459e+03
6.931651398503036887e+01 2.256905403113973127e-02 1.154638288334487034e-01 1.193125686020047316e-01 2.363042425192939141e-09 9.785107739254685910e-01 2.578146361379126120e+03
6.931651398503036887e+01 2.256905403113973127e-02 1.154638288334487034e-01 1.193125686020047316e-01 2.363042425192939141e-09 9.785107739254685910e-01 2.578146361379126120e+03
6.931651398503036887e+01 2.256905403113973127e-02 1.154638288334487034e-01 1.193125686020047316e-01 2.363042425192939141e-09 9.785107739254685910e-01 2.578146361379126120e+03
6.935848162473622835e+01 2.257814479988344905e-02 1.153778227671906353e-01 1.286096264079021334e-01 2.399917713795949672e-09 9.802195793583347028e-01 2.580049617910098277e+03
6.935848162473622835e+01 2.257814479988344905e-02 1.153778227671906353e-01 1.286096264079021334e-01 2.399917713795949672e-09 9.802195793583347028e-01 2.580049617910098277e+03
6.924669784907538883e+01 2.260372720220307427e-02 1.157182071633573173e-01 1.126269543842476351e-01 2.335968554669222078e-09 9.788977687433010333e-01 2.580736280726001496e+03
6.913153209465848192e+01 2.257775266146201665e-02 1.162982757865815564e-01 1.049057041739320517e-01 2.307662426586134353e-09 9.759773773057005553e-01 2.581489564346523821e+03
6.891353520823797396e+01 2.257696109883451652e-02 1.168046539102603198e-01 1.060412175727850626e-01 2.315309479320566770e-09 9.737274190497403614e-01 2.580259117058826178e+03
6.893148820744515604e+01 2.259936605665707754e-02 1.168077818420153874e-01 1.150261384917881380e-01 2.353836166719353621e-09 9.741674960778528014e-01 2.579124425974877340e+03
6.893148820744515604e+01 2.259936605665707754e-02 1.168077818420153874e-01 1.150261384917881380e-01 2.353836166719353621e-09 9.741674960778528014e-01 2.579124425974877340e+03
6.893148820744515604e+01 2.259936605665707754e-02 1.168077818420153874e-01 1.150261384917881380e-01 2.353836166719353621e-09 9.741674960778528014e-01 2.579124425974877340e+03
6.913371193326408104e+01 2.260682806930337102e-02 1.164120185371135124e-01 1.158654226176313029e-01 2.353687141191859362e-09 9.777812511931084360e-01 2.579493769686406267e+03
6.917345182275867899e+01 2.256791501796247615e-02 1.161276234432309651e-01 1.129228544869654294e-01 2.339358950100161803e-09 9.767471446056545936e-01 2.578467330323078841e+03
6.928391857968887280e+01 2.257892456185084731e-02 1.157108092808023098e-01 1.293840784055395043e-01 2.406396598055728550e-09 9.775518744631497281e-01 2.581810083700672749e+03
6.917509262145534876e+01 2.259924336033317452e-02 1.159979711483129644e-01 1.248323668156949284e-01 2.389751654374980234e-09 9.775000681931017565e-01 2.578787045810733616e+03
6.936685197306549355e+01 2.256820695890504255e-02 1.153359767763002947e-01 1.266012324169340786e-01 2.394820443778451130e-09 9.778867787707875570e-01 2.578798079752870763e+03
6.936685197306549355e+01 2.256820695890504255e-02 1.153359767763002947e-01 1.266012324169340786e-01 2.394820443778451130e-09 9.778867787707875570e-01 2.578798079752870763e+03
6.930140759154363650e+01 2.253369764113797441e-02 1.154491295710869531e-01 1.194612249214663108e-01 2.367409085865292292e-09 9.755975987179874576e-01 2.579313509200819226e+03
6.930140759154363650e+01 2.253369764113797441e-02 1.154491295710869531e-01 1.194612249214663108e-01 2.367409085865292292e-09 9.755975987179874576e-01 2.579313509200819226e+03
6.955146704349495224e+01 2.251138243466669145e-02 1.145403640215714725e-01 1.287428247234080891e-01 2.401462200494551411e-09 9.774009763926262417e-01 2.580558849756045674e+03
6.937949922287084803e+01 2.254862405159414884e-02 1.152087740599987142e-01 1.248498153600748339e-01 2.390694735957135073e-09 9.760974507166388925e-01 2.579677726803380665e+03
6.937949922287084803e+01 2.254862405159414884e-02 1.152087740599987142e-01 1.248498153600748339e-01 2.390694735957135073e-09 9.760974507166388925e-01 2.579677726803380665e+03
6.937949922287084803e+01 2.254862405159414884e-02 1.152087740599987142e-01 1.248498153600748339e-01 2.390694735957135073e-09 9.760974507166388925e-01 2.579677726803380665e+03
6.941207302952955160e+01 2.255908642407168305e-02 1.151046828466115307e-01 1.135070650535324743e-01 2.342617708600901187e-09 9.764023774277394985e-01 2.584274632794692934e+03
6.941207302952955160e+01 2.255908642407168305e-02 1.151046828466115307e-01 1.135070650535324743e-01 2.342617708600901187e-09 9.764023774277394985e-01 2.584274632794692934e+03
6.941207302952955160e+01 2.255908642407168305e-02 1.151046828466115307e-01 1.135070650535324743e-01 2.342617708600901187e-09 9.764023774277394985e-01 2.584274632794692934e+03
6.941207302952955160e+01 2.255908642407168305e-02 1.151046828466115307e-01 1.135070650535324743e-01 2.342617708600901187e-09 9.764023774277394985e-01 2.584274632794692934e+03
6.941271072756640592e+01 2.253239169497774780e-02 1.149361340007385018e-01 1.074840826355062395e-01 2.313409346789536242e-09 9.775955815868750953e-01 2.585593268138090480e+03
6.982991829032425812e+01 2.253788280063890107e-02 1.138870475490220274e-01 1.163136553085641345e-01 2.344454390535435270e-09 9.835758155812021064e-01 2.587690034459885283e+03
6.998027907237265310e+01 2.258124323868521827e-02 1.136764200253650992e-01 1.302213686851572960e-01 2.403177759026222632e-09 9.857191568178624852e-01 2.583579903733231731e+03
6.998027907237265310e+01 2.258124323868521827e-02 1.136764200253650992e-01 1.302213686851572960e-01 2.403177759026222632e-09 9.857191568178624852e-01 2.583579903733231731e+03
6.998027907237265310e+01 2.258124323868521827e-02 1.136764200253650992e-01 1.302213686851572960e-01 2.403177759026222632e-09 9.857191568178624852e-01 2.583579903733231731e+03
6.989078108417659507e+01 2.255562415465179466e-02 1.138457704530062148e-01 1.455592324298388140e-01 2.470748577011761911e-09 9.828979713833875254e-01 2.584024629518595248e+03
6.961288602233904044e+01 2.256032937090716659e-02 1.147802219760352127e-01 1.279606297920641844e-01 2.401995359452476111e-09 9.799398904263185717e-01 2.579674446371221620e+03
6.961288602233904044e+01 2.256032937090716659e-02 1.147802219760352127e-01 1.279606297920641844e-01 2.401995359452476111e-09 9.799398904263185717e-01 2.579674446371221620e+03
6.953599032845596639e+01 2.261162409447480676e-02 1.149557639461714770e-01 1.314306854833197924e-01 2.417824285106459171e-09 9.810649035956067188e-01 2.580715746732826574e+03
6.943654831589287824e+01 2.262260312293402215e-02 1.151575026519191663e-01 1.434148048276524812e-01 2.471476664605930496e-09 9.798120015751473622e-01 2.581820950017609903e+03
6.940468561108102108e+01 2.260649603352987355e-02 1.152176446865021547e-01 1.383108830135787726e-01 2.450305910639500951e-09 9.779801049650225231e-01 2.580582589605222893e+03
6.940468561108102108e+01 2.260649603352987355e-02 1.152176446865021547e-01 1.383108830135787726e-01 2.450305910639500951e-09 9.779801049650225231e-01 2.580582589605222893e+03
6.940468561108102108e+01 2.260649603352987355e-02 1.152176446865021547e-01 1.383108830135787726e-01 2.450305910639500951e-09 9.779801049650225231e-01 2.580582589605222893e+03
6.940468561108102108e+01 2.260649603352987355e-02 1.152176446865021547e-01 1.383108830135787726e-01 2.450305910639500951e-09 9.779801049650225231e-01 2.580582589605222893e+03
6.940468561108102108e+01 2.260649603352987355e-02 1.152176446865021547e-01 1.383108830135787726e-01 2.450305910639500951e-09 9.779801049650225231e-01 2.580582589605222893e+03
6.931893630850645138e+01 2.259146055352161814e-02 1.154607395753554505e-01 1.333529672063643035e-01 2.431802312890134288e-09 9.759620805186165482e-01 2.580438197070540809e+03
6.931893630850645138e+01 2.259146055352161814e-02 1.154607395753554505e-01 1.333529672063643035e-01 2.431802312890134288e-09 9.759620805186165482e-01 2.580438197070540809e+03
6.944542055968064176e+01 2.259941868012335653e-02 1.152621643755619013e-01 1.338609348424903700e-01 2.433203376824157080e-09 9.770820295039125414e-01 2.580185370832006811e+03
6.971821715571364564e+01 2.257952650871640835e-02 1.146101101740213402e-01 1.402691737890191248e-01 2.455386456496321094e-09 9.790117320262533562e-01 2.582012952558725374e+03
6.971821715571364564e+01 2.257952650871640835e-02 1.146101101740213402e-01 1.402691737890191248e-01 2.455386456496321094e-09 9.790117320262533562e-01 2.582012952558725374e+03
6.972074127467881510e+01 2.259652471605961763e-02 1.146931721992593411e-01 1.339671383769496793e-01 2.429729991401350458e-09 9.783897604475497722e-01 2.580321978874257184e+03
6.972074127467881510e+01 2.259652471605961763e-02 1.146931721992593411e-01 1.339671383769496793e-01 2.429729991401350458e-09 9.783897604475497722e-01 2.580321978874257184e+03
6.963710242669803563e+01 2.265993597077396379e-02 1.150269849148570361e-01 1.307075750397673208e-01 2.419144585797318603e-09 9.784729590884433392e-01 2.581206072480212242e+03
6.963710242669803563e+01 2.265993597077396379e-02 1.150269849148570361e-01 1.307075750397673208e-01 2.419144585797318603e-09 9.784729590884433392e-01 2.581206072480212242e+03
6.946267488736141615e+01 2.267964259432228222e-02 1.155753939506966449e-01 1.466162770481921895e-01 2.488250481498322322e-09 9.777759881606534753e-01 2.587610822099540201e+03
6.940856671992102633e+01 2.270541112232772260e-02 1.159029292716757531e-01 1.369290641467016123e-01 2.448642736423305503e-09 9.788806499473259315e-01 2.581473423780379562e+03
6.940856671992102633e+01 2.270541112232772260e-02 1.159029292716757531e-01 1.369290641467016123e-01 2.448642736423305503e-09 9.788806499473259315e-01 2.581473423780379562e+03
6.940856671992102633e+01 2.270541112232772260e-02 1.159029292716757531e-01 1.369290641467016123e-01 2.448642736423305503e-09 9.788806499473259315e-01 2.581473423780379562e+03
6.932325747668613758e+01 2.268268372115334400e-02 1.161109682686507216e-01 1.374930186300507007e-01 2.451328109787955672e-09 9.781347007465895915e-01 2.581932924251927034e+03
6.932325747668613758e+01 2.268268372115334400e-02 1.161109682686507216e-01 1.374930186300507007e-01 2.451328109787955672e-09 9.781347007465895915e-01 2.581932924251927034e+03
6.932325747668613758e+01 2.268268372115334400e-02 1.161109682686507216e-01 1.374930186300507007e-01 2.451328109787955672e-09 9.781347007465895915e-01 2.581932924251927034e+03
6.952183571634068926e+01 2.267734209515987615e-02 1.157182329531765003e-01 1.400005150366411266e-01 2.461286140100378013e-09 9.784803627645788371e-01 2.583055884079436510e+03
6.949380208118711266e+01 2.265394789047873655e-02 1.157439125448974232e-01 1.403979203553490374e-01 2.463122515745518246e-09 9.767711417139695040e-01 2.585418135107459875e+03
6.959292784392340536e+01 2.261791364339341831e-02 1.154536170841613529e-01 1.218024974660480431e-01 2.382451436855050194e-09 9.758835609252126675e-01 2.582931820518982022e+03
6.959292784392340536e+01 2.261791364339341831e-02 1.154536170841613529e-01 1.218024974660480431e-01 2.382451436855050194e-09 9.758835609252126675e-01 2.582931820518982022e+03
6.959292784392340536e+01 2.261791364339341831e-02 1.154536170841613529e-01 1.218024974660480431e-01 2.382451436855050194e-09 9.758835609252126675e-01 2.582931820518982022e+03
6.970955133104105528e+01 2.260100605566936829e-02 1.150752042031399636e-01 1.336162183492993760e-01 2.429480561814006032e-09 9.764551084342300014e-01 2.584401701634446454e+03
6.956361209951303692e+01 2.263389513420783344e-02 1.153554507402740209e-01 1.246862128836331990e-01 2.394692813419438544e-09 9.757164539333750275e-01 2.581978465211665934e+03
6.954228801496537926e+01 2.258476590770441481e-02 1.151611683737218395e-01 1.206346742924340465e-01 2.371968482806554625e-09 9.767556014143612408e-01 2.579821047382567485e+03
6.950000696020711644e+01 2.261498724787340889e-02 1.153786443870645217e-01 1.088592707562563572e-01 2.324020415559251324e-09 9.773553394276828232e-01 2.586191810165141760e+03
6.933160966382347112e+01 2.264771876575601139e-02 1.159522430996773046e-01 1.160773080647022198e-01 2.357708800100116719e-09 9.764457977886400464e-01 2.582159652834261578e+03
6.959673321388049771e+01 2.264274158761302516e-02 1.151478978686156229e-01 1.197693932152578411e-01 2.369242124065988427e-09 9.787721011442018781e-01 2.581866250469484839e+03
6.959673321388049771e+01 2.264274158761302516e-02 1.151478978686156229e-01 1.197693932152578411e-01 2.369242124065988427e-09 9.787721011442018781e-01 2.581866250469484839e+03
6.995408203862648122e+01 2.264872438151194906e-02 1.144085903323972531e-01 1.291459355378395124e-01 2.405748569338092069e-09 9.815887925965527394e-01 2.580587050203047511e+03
7.001168531127221684e+01 2.263223458198347637e-02 1.142470519537929080e-01 1.304501200387579440e-01 2.408104596958868623e-09 9.822240009309446407e-01 2.580032883790971027e+03
6.973746106776525266e+01 2.264948523073100420e-02 1.148082451122820202e-01 1.340952626082559940e-01 2.426310359930985861e-09 9.815296421495472989e-01 2.580078054792021248e+03
6.973746106776525266e+01 2.264948523073100420e-02 1.148082451122820202e-01 1.340952626082559940e-01 2.426310359930985861e-09 9.815296421495472989e-01 2.580078054792021248e+03
6.973746106776525266e+01 2.264948523073100420e-02 1.148082451122820202e-01 1.340952626082559940e-01 2.426310359930985861e-09 9.815296421495472989e-01 2.580078054792021248e+03
6.989637649442857992e+01 2.262924399108056164e-02 1.144890690623120433e-01 1.317873121187976004e-01 2.413112008330972670e-09 9.838346390756310678e-01 2.580628410619893202e+03
7.014855370723203976e+01 2.262699438193036330e-02 1.136038378137607108e-01 1.357435862751748823e-01 2.425404027916967603e-09 9.856140077358617191e-01 2.581015916015771381e+03
7.014855370723203976e+01 2.262699438193036330e-02 1.136038378137607108e-01 1.357435862751748823e-01 2.425404027916967603e-09 9.856140077358617191e-01 2.581015916015771381e+03
7.014855370723203976e+01 2.262699438193036330e-02 1.136038378137607108e-01 1.357435862751748823e-01 2.425404027916967603e-09 9.856140077358617191e-01 2.581015916015771381e+03
7.015444248352530110e+01 2.263324576745362818e-02 1.136485696221718605e-01 1.307602089882959617e-01 2.404390308613175188e-09 9.852154042236757059e-01 2.580716713264719147e+03
7.015444248352530110e+01 2.263324576745362818e-02 1.136485696221718605e-01 1.307602089882959617e-01 2.404390308613175188e-09 9.852154042236757059e-01 2.580716713264719147e+03
7.015444248352530110e+01 2.263324576745362818e-02 1.136485696221718605e-01 1.307602089882959617e-01 2.404390308613175188e-09 9.852154042236757059e-01 2.580716713264719147e+03
7.015444248352530110e+01 2.263324576745362818e-02 1.136485696221718605e-01 1.307602089882959617e-01 2.404390308613175188e-09 9.852154042236757059e-01 2.580716713264719147e+03
7.000841821666469400e+01 2.260928547240604811e-02 1.138117059115456020e-01 1.338678839808782051e-01 2.416996484037911797e-09 9.843555636390208807e-01 2.580499240819383886e+03
7.006498750888783889e+01 2.257288026378035523e-02 1.137286209622566518e-01 1.261430969272473723e-01 2.383184879322195653e-09 9.846912124315126968e-01 2.580121394919345221e+03
7.006498750888783889e+01 2.257288026378035523e-02 1.137286209622566518e-01 1.261430969272473723e-01 2.383184879322195653e-09 9.846912124315126968e-01 2.580121394919345221e+03
7.006498750888783889e+01 2.257288026378035523e-02 1.137286209622566518e-01 1.261430969272473723e-01 2.383184879322195653e-09 9.846912124315126968e-01 2.580121394919345221e+03
6.970987504686237912e+01 2.257319896429395636e-02 1.148258335111891071e-01 1.267390820400917661e-01 2.391009025595014690e-09 9.804998843222456628e-01 2.579930914947221936e+03
6.970987504686237912e+01 2.257319896429395636e-02 1.148258335111891071e-01 1.267390820400917661e-01 2.391009025595014690e-09 9.804998843222456628e-01 2.579930914947221936e+03
6.982357606742903045e+01 2.256963360383128572e-02 1.143979686287151520e-01 1.289259245977719126e-01 2.397152142798331911e-09 9.820804753872571791e-01 2.580137569620436352e+03
6.982357606742903045e+01 2.256963360383128572e-02 1.143979686287151520e-01 1.289259245977719126e-01 2.397152142798331911e-09 9.820804753872571791e-01 2.580137569620436352e+03
6.998093495659271923e+01 2.257508672696616203e-02 1.139429746507178431e-01 1.266496542540229420e-01 2.384960525760537322e-09 9.848407732845089191e-01 2.580090055767796912e+03
6.971345784334133100e+01 2.255468729632899294e-02 1.146459079596062608e-01 1.077595897312636497e-01 2.308496076739871879e-09 9.796038139556711988e-01 2.579480373830284407e+03
6.965140583100119898e+01 2.251845827405920750e-02 1.147359317665069822e-01 1.005856950653495896e-01 2.277089696204205842e-09 9.791043796852065828e-01 2.579916654586841105e+03
6.957161810486138620e+01 2.257074729015416323e-02 1.148120469457829251e-01 1.130735815624808460e-01 2.330278100712417322e-09 9.804686029192790642e-01 2.578446698615727200e+03
6.957161810486138620e+01 2.257074729015416323e-02 1.148120469457829251e-01 1.130735815624808460e-01 2.330278100712417322e-09 9.804686029192790642e-01 2.578446698615727200e+03
6.933875881444967604e+01 2.255263295035202231e-02 1.153503498235877028e-01 1.015480473300030412e-01 2.284725313962991112e-09 9.774799950751962285e-01 2.579573506907182946e+03
6.933875881444967604e+01 2.255263295035202231e-02 1.153503498235877028e-01 1.015480473300030412e-01 2.284725313962991112e-09 9.774799950751962285e-01 2.579573506907182946e+03
6.898119313238383654e+01 2.253751472238870943e-02 1.165249083394737789e-01 8.276549809383436374e-02 2.211894011152711934e-09 9.725184556929853397e-01 2.582155116948852992e+03
6.894291292949428396e+01 2.252462086654286391e-02 1.165949360889578512e-01 8.090646298607100106e-02 2.205470556339375321e-09 9.714871638409853238e-01 2.583612337947167362e+03
6.894291292949428396e+01 2.252462086654286391e-02 1.165949360889578512e-01 8.090646298607100106e-02 2.205470556339375321e-09 9.714871638409853238e-01 2.583612337947167362e+03
6.894291292949428396e+01 2.252462086654286391e-02 1.165949360889578512e-01 8.090646298607100106e-02 2.205470556339375321e-09 9.714871638409853238e-01 2.583612337947167362e+03
6.905539382549275729e+01 2.252424585845251570e-02 1.164196775048428750e-01 8.942817426025694016e-02 2.241142030403057529e-09 9.732526033827548773e-01 2.582760746348004432e+03
6.923069400583916888e+01 2.249769338318887563e-02 1.158998686568652181e-01 9.654079275343324662e-02 2.268789794863339006e-09 9.732218210221684762e-01 2.581661663390826561e+03
6.923069400583916888e+01 2.249769338318887563e-02 1.158998686568652181e-01 9.654079275343324662e-02 2.268789794863339006e-09 9.732218210221684762e-01 2.581661663390826561e+03
6.929343037948669348e+01 2.251431632203491906e-02 1.157413445887869319e-01 1.050449903033710275e-01 2.303674942712639816e-09 9.736808878729039662e-01 2.580460802173688535e+03
6.957238714703518667e+01 2.253646634181240629e-02 1.151569656539963155e-01 1.219652697905194427e-01 2.372994186608219459e-09 9.774629806160999301e-01 2.580702845708458426e+03
6.957069068500554465e+01 2.252997078697263622e-02 1.151651535135021498e-01 1.206179518803165845e-01 2.366866370764952515e-09 9.767287566923205100e-01 2.581724889363672446e+03
6.957069068500554465e+01 2.252997078697263622e-02 1.151651535135021498e-01 1.206179518803165845e-01 2.366866370764952515e-09 9.767287566923205100e-01 2.581724889363672446e+03
6.957562346556210287e+01 2.253853125104651398e-02 1.153006349906099681e-01 1.187825285414351034e-01 2.359402865208414135e-09 9.767341327923564354e-01 2.582140784321921274e+03
6.978630186251747602e+01 2.255283584998478419e-02 1.147769773195046750e-01 1.227358999624009184e-01 2.374732897774229668e-09 9.788345460943941312e-01 2.581241271278220211e+03
6.978630186251747602e+01 2.255283584998478419e-02 1.147769773195046750e-01 1.227358999624009184e-01 2.374732897774229668e-09 9.788345460943941312e-01 2.581241271278220211e+03
6.978630186251747602e+01 2.255283584998478419e-02 1.147769773195046750e-01 1.227358999624009184e-01 2.374732897774229668e-09 9.788345460943941312e-01 2.581241271278220211e+03
6.978630186251747602e+01 2.255283584998478419e-02 1.147769773195046750e-01 1.227358999624009184e-01 2.374732897774229668e-09 9.788345460943941312e-01 2.581241271278220211e+03
6.978630186251747602e+01 2.255283584998478419e-02 1.147769773195046750e-01 1.227358999624009184e-01 2.374732897774229668e-09 9.788345460943941312e-01 2.581241271278220211e+03
6.943335048779182728e+01 2.255419379173207936e-02 1.157466251708637456e-01 1.035300461766315572e-01 2.298137253524573617e-09 9.745812111949148093e-01 2.581733946957182980e+03
6.943335048779182728e+01 2.255419379173207936e-02 1.157466251708637456e-01 1.035300461766315572e-01 2.298137253524573617e-09 9.745812111949148093e-01 2.581733946957182980e+03
6.943335048779182728e+01 2.255419379173207936e-02 1.157466251708637456e-01 1.035300461766315572e-01 2.298137253524573617e-09 9.745812111949148093e-01 2.581733946957182980e+03
6.943335048779182728e+01 2.255419379173207936e-02 1.157466251708637456e-01 1.035300461766315572e-01 2.298137253524573617e-09 9.745812111949148093e-01 2.581733946957182980e+03
6.922418388415383106e+01 2.256835234419856881e-02 1.163392278556068665e-01 9.269127898676478294e-02 2.254016660466494760e-09 9.743159347697918360e-01 2.582408881435083458e+03
6.939129606673097328e+01 2.256132358750101083e-02 1.160268442241471631e-01 9.952762137719507740e-02 2.279777838091496687e-09 9.766373500208888059e-01 2.581315168001037364e+03
6.937505270254683865e+01 2.255483329111011501e-02 1.160685898461897153e-01 9.913534707431041759e-02 2.278611554717354714e-09 9.762205118475378862e-01 2.581580928464896715e+03
6.914416480889227046e+01 2.256198051926908490e-02 1.166644797001752942e-01 1.115237090529400538e-01 2.334180805812267856e-09 9.748529910216362504e-01 2.582063448213079027e+03
6.924245022854088916e+01 2.253521336722504043e-02 1.161441400791535933e-01 1.142002673566843846e-01 2.341427006337110624e-09 9.753374628350683917e-01 2.582061112345386391e+03
6.924245022854088916e+01 2.253521336722504043e-02 1.161441400791535933e-01 1.142002673566843846e-01 2.341427006337110624e-09 9.753374628350683917e-01 2.582061112345386391e+03
6.930301939553909563e+01 2.249265617395559622e-02 1.160034491077317903e-01 1.057753487663706388e-01 2.305549574814555654e-09 9.737082026216414832e-01 2.583547259830027542e+03
6.930301939553909563e+01 2.249265617395559622e-02 1.160034491077317903e-01 1.057753487663706388e-01 2.305549574814555654e-09 9.737082026216414832e-01 2.583547259830027542e+03
6.930301939553909563e+01 2.249265617395559622e-02 1.160034491077317903e-01 1.057753487663706388e-01 2.305549574814555654e-09 9.737082026216414832e-01 2.583547259830027542e+03
6.918158168575601508e+01 2.249885794614011822e-02 1.161683512938120055e-01 1.008278193923479310e-01 2.285570745373946339e-09 9.743109256269963936e-01 2.579820382355884249e+03
6.918158168575601508e+01 2.249885794614011822e-02 1.161683512938120055e-01 1.008278193923479310e-01 2.285570745373946339e-09 9.743109256269963936e-01 2.579820382355884249e+03
6.906111485032087671e+01 2.249183051473389872e-02 1.165563763197256381e-01 8.031510452102805231e-02 2.200329949447437948e-09 9.728615488935379307e-01 2.582435108134340226e+03
6.919940893423773787e+01 2.253985518348851011e-02 1.162854521159355226e-01 9.346800419214482125e-02 2.255365541254047812e-09 9.751932678569663615e-01 2.580834224804594669e+03
6.929043063193753937e+01 2.252728098940778162e-02 1.159615645716227661e-01 1.078234422906400175e-01 2.313257952501445561e-09 9.759261138609901520e-01 2.579556716174417488e+03
6.929043063193753937e+01 2.252728098940778162e-02 1.159615645716227661e-01 1.078234422906400175e-01 2.313257952501445561e-09 9.759261138609901520e-01 2.579556716174417488e+03
6.929043063193753937e+01 2.252728098940778162e-02 1.159615645716227661e-01 1.078234422906400175e-01 2.313257952501445561e-09 9.759261138609901520e-01 2.579556716174417488e+03
6.929043063193753937e+01 2.252728098940778162e-02 1.159615645716227661e-01 1.078234422906400175e-01 2.313257952501445561e-09 9.759261138609901520e-01 2.579556716174417488e+03
6.956398626163668553e+01 2.249995280042377602e-02 1.150360644545903310e-01 1.073780631167630395e-01 2.305694826737906482e-09 9.778792803688785007e-01 2.578869438582332805e+03
6.956398626163668553e+01 2.249995280042377602e-02 1.150360644545903310e-01 1.073780631167630395e-01 2.305694826737906482e-09 9.778792803688785007e-01 2.578869438582332805e+03
6.956398626163668553e+01 2.249995280042377602e-02 1.150360644545903310e-01 1.073780631167630395e-01 2.305694826737906482e-09 9.778792803688785007e-01 2.578869438582332805e+03
6.964131814358528061e+01 2.248927992554469388e-02 1.146736258714115414e-01 1.031475362756461567e-01 2.285778376469476679e-09 9.781231482282228828e-01 2.578673673181690901e+03
6.947908174127354641e+01 2.248128137029231297e-02 1.151851923892958929e-01 9.681948137606852245e-02 2.261664459513587028e-09 9.774128287346081079e-01 2.578960279451415317e+03
6.947908174127354641e+01 2.248128137029231297e-02 1.151851923892958929e-01 9.681948137606852245e-02 2.261664459513587028e-09 9.774128287346081079e-01 2.578960279451415317e+03
6.957186888316873308e+01 2.248515598674672572e-02 1.149625156726324648e-01 1.136269282712944195e-01 2.332463191956524070e-09 9.780530016028566864e-01 2.579669545734281201e+03
6.957186888316873308e+01 2.248515598674672572e-02 1.149625156726324648e-01 1.136269282712944195e-01 2.332463191956524070e-09 9.780530016028566864e-01 2.579669545734281201e+03
6.957186888316873308e+01 2.248515598674672572e-02 1.149625156726324648e-01 1.136269282712944195e-01 2.332463191956524070e-09 9.780530016028566864e-01 2.579669545734281201e+03
6.957104715022958885e+01 2.249440087943179248e-02 1.148132916371612938e-01 1.033101011054460422e-01 2.287536974893422751e-09 9.797609709400100231e-01 2.578715449468613770e+03
6.932086390278253418e+01 2.242984068955954091e-02 1.154794499447874268e-01 8.161734911220250299e-02 2.198535801985320370e-09 9.750142565955325358e-01 2.581044873464322791e+03
6.938267491490701389e+01 2.244504266516793647e-02 1.154202023002368488e-01 9.805597975372830344e-02 2.265375995664219346e-09 9.775484658104579561e-01 2.578636316498399538e+03
6.935950318983154261e+01 2.240369083435043290e-02 1.154330559922066984e-01 8.930581996346263762e-02 2.229012836941888640e-09 9.757568538232543887e-01 2.580388099954521294e+03
6.928875334370114558e+01 2.238015310465603369e-02 1.155928395582328794e-01 9.152323815680563079e-02 2.238767681084368972e-09 9.746600130264464479e-01 2.581808172771781756e+03
6.951813717334465537e+01 2.236326469653230481e-02 1.149282648245741195e-01 9.714138722230195033e-02 2.257497594662887762e-09 9.777189620228378120e-01 2.581367924014750770e+03
6.951813717334465537e+01 2.236326469653230481e-02 1.149282648245741195e-01 9.714138722230195033e-02 2.257497594662887762e-09 9.777189620228378120e-01 2.581367924014750770e+03
6.951813717334465537e+01 2.236326469653230481e-02 1.149282648245741195e-01 9.714138722230195033e-02 2.257497594662887762e-09 9.777189620228378120e-01 2.581367924014750770e+03
6.951813717334465537e+01 2.236326469653230481e-02 1.149282648245741195e-01 9.714138722230195033e-02 2.257497594662887762e-09 9.777189620228378120e-01 2.581367924014750770e+03
6.937452577994821468e+01 2.235573252617045065e-02 1.152027878956233542e-01 7.694875457791683360e-02 2.175123121871107023e-09 9.757416494756048220e-01 2.581673823959884430e+03
6.952075022959665773e+01 2.238036848766690803e-02 1.148862649555906917e-01 9.357470933567747784e-02 2.242388989058636199e-09 9.792218523085691739e-01 2.579368954470766312e+03
6.929608289749239702e+01 2.237862985909626345e-02 1.153923860574936899e-01 9.294198517220811362e-02 2.242819642499220719e-09 9.768986112744708628e-01 2.578857130735796090e+03
6.929608289749239702e+01 2.237862985909626345e-02 1.153923860574936899e-01 9.294198517220811362e-02 2.242819642499220719e-09 9.768986112744708628e-01 2.578857130735796090e+03
6.922936723979303508e+01 2.236138042426987285e-02 1.154937525932597936e-01 8.520554443534292255e-02 2.210233572944990153e-09 9.764708937591350946e-01 2.579044351320191709e+03
6.922936723979303508e+01 2.236138042426987285e-02 1.154937525932597936e-01 8.520554443534292255e-02 2.210233572944990153e-09 9.764708937591350946e-01 2.579044351320191709e+03
6.899304425291944654e+01 2.239733623993703585e-02 1.163773196688170225e-01 8.218871712816139263e-02 2.203086221936423821e-09 9.744090493209182080e-01 2.579455106882798646e+03
6.904518665977045089e+01 2.237761615140776081e-02 1.161723741439949914e-01 7.926586389942581745e-02 2.190211410404685193e-09 9.736947183631542435e-01 2.580559824568847944e+03
6.904518665977045089e+01 2.237761615140776081e-02 1.161723741439949914e-01 7.926586389942581745e-02 2.190211410404685193e-09 9.736947183631542435e-01 2.580559824568847944e+03
6.904518665977045089e+01 2.237761615140776081e-02 1.161723741439949914e-01 7.926586389942581745e-02 2.190211410404685193e-09 9.736947183631542435e-01 2.580559824568847944e+03
6.904518665977045089e+01 2.237761615140776081e-02 1.161723741439949914e-01 7.926586389942581745e-02 2.190211410404685193e-09 9.736947183631542435e-01 2.580559824568847944e+03
6.889619587941346879e+01 2.236330709239314068e-02 1.163279730424263275e-01 7.136039106248301400e-02 2.158370668454719650e-09 9.713448634694196171e-01 2.581693696503355568e+03
6.900156064252509225e+01 2.233832510665506588e-02 1.161303492008484428e-01 8.280817285875831379e-02 2.207135159263109707e-09 9.707076410912640618e-01 2.584464272125358548e+03
6.897569863240080679e+01 2.235383523339412939e-02 1.161876077529980095e-01 8.279039265005395942e-02 2.205348579372422538e-09 9.727662384993670530e-01 2.580634302868139457e+03
6.913722012207357182e+01 2.235463879121341382e-02 1.155452140647661163e-01 9.076979670010751344e-02 2.234920142085248886e-09 9.751589733562983087e-01 2.578846367358792122e+03
6.913722012207357182e+01 2.235463879121341382e-02 1.155452140647661163e-01 9.076979670010751344e-02 2.234920142085248886e-09 9.751589733562983087e-01 2.578846367358792122e+03
6.912585551575013199e+01 2.236720858441866230e-02 1.153514206169983236e-01 9.014311802478178204e-02 2.231394947561757770e-09 9.747575945596521629e-01 2.578987381761353390e+03
6.912585551575013199e+01 2.236720858441866230e-02 1.153514206169983236e-01 9.014311802478178204e-02 2.231394947561757770e-09 9.747575945596521629e-01 2.578987381761353390e+03
6.904528749400505205e+01 2.236696128299637751e-02 1.156210757586962901e-01 8.739767761026276394e-02 2.221598080398361486e-09 9.734245646587317280e-01 2.579546203425477870e+03
6.892483959596081888e+01 2.234784772954085882e-02 1.159186285706158004e-01 8.005153170035386734e-02 2.188903772532574954e-09 9.720826799501226523e-01 2.581047756164912244e+03
6.892483959596081888e+01 2.234784772954085882e-02 1.159186285706158004e-01 8.005153170035386734e-02 2.188903772532574954e-09 9.720826799501226523e-01 2.581047756164912244e+03
6.904729692078437608e+01 2.234187158769793471e-02 1.156569048848301168e-01 8.345789310130918848e-02 2.203443022174276298e-09 9.729203811920589251e-01 2.580808247635990483e+03
6.919293355452302308e+01 2.233197907176079355e-02 1.153162840707502163e-01 9.782719693308747355e-02 2.261812080963513864e-09 9.742442562463086153e-01 2.583047343057177841e+03
6.929932016162366892e+01 2.234592668918992248e-02 1.152135008365204188e-01 9.659942165836470085e-02 2.254884181231675636e-09 9.767738364556934894e-01 2.580586241321010675e+03
6.919819551698171267e+01 2.232801756715375660e-02 1.153996492114726102e-01 8.623598200322023233e-02 2.214165855672806643e-09 9.753229838098346205e-01 2.579846488092551226e+03
6.904059458571138919e+01 2.234725866155687357e-02 1.158383152024569235e-01 7.739087281545085906e-02 2.181048324886105413e-09 9.737830102713600500e-01 2.580466207921159366e+03
6.904059458571138919e+01 2.234725866155687357e-02 1.158383152024569235e-01 7.739087281545085906e-02 2.181048324886105413e-09 9.737830102713600500e-01 2.580466207921159366e+03
6.871617752431410509e+01 2.237797746459622289e-02 1.167852673883364861e-01 8.872682628095315827e-02 2.230593003131909670e-09 9.734079004625995069e-01 2.577776534179959526e+03
6.871617752431410509e+01 2.237797746459622289e-02 1.167852673883364861e-01 8.872682628095315827e-02 2.230593003131909670e-09 9.734079004625995069e-01 2.577776534179959526e+03
6.871617752431410509e+01 2.237797746459622289e-02 1.167852673883364861e-01 8.872682628095315827e-02 2.230593003131909670e-09 9.734079004625995069e-01 2.577776534179959526e+03
6.888658292239649938e+01 2.238519203998970072e-02 1.163309397739594048e-01 8.764732957737791930e-02 2.224315058667607604e-09 9.758925828503949296e-01 2.577216336042496550e+03
6.856471052896728224e+01 2.241481713134521950e-02 1.171987027371867579e-01 8.223300294272502253e-02 2.205362865898978407e-09 9.745883053972180798e-01 2.577069556397025735e+03
6.853151869441309429e+01 2.241718502017600936e-02 1.174017138198025223e-01 9.671081744847467854e-02 2.266337959139219584e-09 9.746050292340585619e-01 2.577646647199364907e+03
6.840124384831487703e+01 2.243968128341923551e-02 1.178206913923127291e-01 9.085103606011639410e-02 2.244795209328043455e-09 9.740677642190649355e-01 2.577139379724974788e+03
6.840124384831487703e+01 2.243968128341923551e-02 1.178206913923127291e-01 9.085103606011639410e-02 2.244795209328043455e-09 9.740677642190649355e-01 2.577139379724974788e+03
6.840124384831487703e+01 2.243968128341923551e-02 1.178206913923127291e-01 9.085103606011639410e-02 2.244795209328043455e-09 9.740677642190649355e-01 2.577139379724974788e+03
6.840124384831487703e+01 2.243968128341923551e-02 1.178206913923127291e-01 9.085103606011639410e-02 2.244795209328043455e-09 9.740677642190649355e-01 2.577139379724974788e+03
6.802439216787132636e+01 2.244681460079499258e-02 1.186308560802824541e-01 9.396195822488455363e-02 2.261279447866036666e-09 9.717206270700847748e-01 2.577431316830928154e+03
6.798066675232942657e+01 2.243485465509864607e-02 1.186054985429031705e-01 9.647821913618147283e-02 2.273376967559901366e-09 9.701472746802490832e-01 2.577647209243746147e+03
6.798066675232942657e+01 2.243485465509864607e-02 1.186054985429031705e-01 9.647821913618147283e-02 2.273376967559901366e-09 9.701472746802490832e-01 2.577647209243746147e+03
6.800096272204022796e+01 2.242037831564582320e-02 1.185950614720700791e-01 7.982639588993507840e-02 2.204147370372598702e-09 9.699526429021996243e-01 2.577532450588357278e+03
6.800096272204022796e+01 2.242037831564582320e-02 1.185950614720700791e-01 7.982639588993507840e-02 2.204147370372598702e-09 9.699526429021996243e-01 2.577532450588357278e+03
6.800096272204022796e+01 2.242037831564582320e-02 1.185950614720700791e-01 7.982639588993507840e-02 2.204147370372598702e-09 9.699526429021996243e-01 2.577532450588357278e+03
6.800096272204022796e+01 2.242037831564582320e-02 1.185950614720700791e-01 7.982639588993507840e-02 2.204147370372598702e-09 9.699526429021996243e-01 2.577532450588357278e+03
6.812094505674522793e+01 2.242706085396467194e-02 1.183654431826024617e-01 8.621720525990440864e-02 2.228585926853446225e-09 9.715248878148126099e-01 2.576799520882106208e+03
6.806751103614750775e+01 2.241203762058963100e-02 1.187600008344707608e-01 7.342728724039979116e-02 2.176138261894086023e-09 9.707010792541908017e-01 2.578309222788977422e+03
6.806751103614750775e+01 2.241203762058963100e-02 1.187600008344707608e-01 7.342728724039979116e-02 2.176138261894086023e-09 9.707010792541908017e-01 2.578309222788977422e+03
6.806751103614750775e+01 2.241203762058963100e-02 1.187600008344707608e-01 7.342728724039979116e-02 2.176138261894086023e-09 9.707010792541908017e-01 2.578309222788977422e+03
6.800424529137555396e+01 2.243267957771677423e-02 1.189710960328868999e-01 8.397592295593957201e-02 2.222136293003626556e-09 9.700070364544224333e-01 2.578349988675758141e+03
6.800424529137555396e+01 2.243267957771677423e-02 1.189710960328868999e-01 8.397592295593957201e-02 2.222136293003626556e-09 9.700070364544224333e-01 2.578349988675758141e+03
6.803242053974808812e+01 2.241421902242166433e-02 1.189286441685153961e-01 9.091320499018501478e-02 2.248813399226863709e-09 9.707119850284500195e-01 2.580528208316572091e+03
6.802281079067161329e+01 2.244266151723659647e-02 1.189178100951590461e-01 1.001052206112377635e-01 2.288101271704087249e-09 9.718472046539239351e-01 2.580935365531453954e+03
6.810660469921077720e+01 2.243116367929703578e-02 1.187306291722093760e-01 8.676201524915135022e-02 2.232647407432961581e-09 9.707786323227709513e-01 2.578399601023354080e+03
6.810660469921077720e+01 2.243116367929703578e-02 1.187306291722093760e-01 8.676201524915135022e-02 2.232647407432961581e-09 9.707786323227709513e-01 2.578399601023354080e+03
6.810660469921077720e+01 2.243116367929703578e-02 1.187306291722093760e-01 8.676201524915135022e-02 2.232647407432961581e-09 9.707786323227709513e-01 2.578399601023354080e+03
6.810660469921077720e+01 2.243116367929703578e-02 1.187306291722093760e-01 8.676201524915135022e-02 2.232647407432961581e-09 9.707786323227709513e-01 2.578399601023354080e+03
6.810660469921077720e+01 2.243116367929703578e-02 1.187306291722093760e-01 8.676201524915135022e-02 2.232647407432961581e-09 9.707786323227709513e-01 2.578399601023354080e+03
6.810660469921077720e+01 2.243116367929703578e-02 1.187306291722093760e-01 8.676201524915135022e-02 2.232647407432961581e-09 9.707786323227709513e-01 2.578399601023354080e+03
6.804664121927800124e+01 2.240408503556120395e-02 1.189339465942401280e-01 8.270595166101765705e-02 2.215588328676767862e-09 9.703141958166071612e-01 2.579360182361772786e+03
6.804664121927800124e+01 2.240408503556120395e-02 1.189339465942401280e-01 8.270595166101765705e-02 2.215588328676767862e-09 9.703141958166071612e-01 2.579360182361772786e+03
6.819539807309691071e+01 2.242916425339877562e-02 1.184199996683134443e-01 9.384384069667786599e-02 2.261384628248755296e-09 9.724623992003390560e-01 2.577814934304025883e+03
6.819539807309691071e+01 2.242916425339877562e-02 1.184199996683134443e-01 9.384384069667786599e-02 2.261384628248755296e-09 9.724623992003390560e-01 2.577814934304025883e+03
6.813641221399478809e+01 2.241353945256959260e-02 1.185977317748873744e-01 9.812125245067694623e-02 2.280740915963668481e-09 9.703523838096913545e-01 2.580318487798539991e+03
6.813641221399478809e+01 2.241353945256959260e-02 1.185977317748873744e-01 9.812125245067694623e-02 2.280740915963668481e-09 9.703523838096913545e-01 2.580318487798539991e+03
6.786287934568471769e+01 2.239941513198925524e-02 1.190778701303092657e-01 8.487534526926876488e-02 2.227600184101456797e-09 9.668465525552278894e-01 2.579551285805834596e+03
6.786287934568471769e+01 2.239941513198925524e-02 1.190778701303092657e-01 8.487534526926876488e-02 2.227600184101456797e-09 9.668465525552278894e-01 2.579551285805834596e+03
6.776924536907792174e+01 2.239775792907080024e-02 1.193000274342134459e-01 9.470342704803924594e-02 2.268820603699792158e-09 9.657156449647468222e-01 2.585123487350997493e+03
6.758632554479517296e+01 2.239967665649217343e-02 1.198472794885065418e-01 8.323270959471601449e-02 2.221019260220020386e-09 9.654305809700354235e-01 2.582941147963560070e+03
6.724127811066352933e+01 2.239882180847819690e-02 1.208015937083985886e-01 7.398088877504352401e-02 2.187273993847755757e-09 9.620430142400959728e-01 2.585501524238226921e+03
6.724127811066352933e+01 2.239882180847819690e-02 1.208015937083985886e-01 7.398088877504352401e-02 2.187273993847755757e-09 9.620430142400959728e-01 2.585501524238226921e+03
6.734928452498583340e+01 2.241143535131346481e-02 1.203908843291859321e-01 7.779511090295741782e-02 2.199409070029708348e-09 9.644352216567230185e-01 2.582844612818034420e+03
6.720409520169239670e+01 2.243296859834656778e-02 1.207473043474287938e-01 6.660078555326111316e-02 2.154649984281663984e-09 9.637249322858354450e-01 2.581030902618132586e+03
6.720409520169239670e+01 2.243296859834656778e-02 1.207473043474287938e-01 6.660078555326111316e-02 2.154649984281663984e-09 9.637249322858354450e-01 2.581030902618132586e+03
6.722443152019712898e+01 2.241842249642529358e-02 1.205132611971363593e-01 5.435544022845394813e-02 2.104597226614583656e-09 9.625083154413056619e-01 2.581107068826860086e+03
6.709599477341687646e+01 2.247271886961797749e-02 1.207766059959333588e-01 5.565958477510370844e-02 2.113160215875799804e-09 9.629430849450938412e-01 2.581935065969813422e+03
6.729241136472600715e+01 2.248078644474361953e-02 1.202352054139584348e-01 6.625349619312348448e-02 2.154456208833119775e-09 9.647491905208511742e-01 2.580620651353719040e+03
6.729241136472600715e+01 2.248078644474361953e-02 1.202352054139584348e-01 6.625349619312348448e-02 2.154456208833119775e-09 9.647491905208511742e-01 2.580620651353719040e+03
6.728794743117441612e+01 2.244579329335774642e-02 1.204668956561797122e-01 6.870269924574437526e-02 2.166034322018676824e-09 9.630164640453867664e-01 2.580645591788247202e+03
6.763746223225723497e+01 2.243884110145752050e-02 1.197753373432797613e-01 7.661374850159097250e-02 2.196523363068516910e-09 9.664127883751389980e-01 2.579024125498674039e+03
6.763746223225723497e+01 2.243884110145752050e-02 1.197753373432797613e-01 7.661374850159097250e-02 2.196523363068516910e-09 9.664127883751389980e-01 2.579024125498674039e+03
6.785339862324094895e+01 2.241603979426899998e-02 1.191880909456308479e-01 8.278752664113300797e-02 2.218395517314307102e-09 9.678833851653294573e-01 2.578612291688573350e+03
6.791564363737235510e+01 2.242633860484201727e-02 1.187286528008578979e-01 8.097048508975114578e-02 2.207203993899392044e-09 9.706172078162770278e-01 2.576858903868113430e+03
6.791564363737235510e+01 2.242633860484201727e-02 1.187286528008578979e-01 8.097048508975114578e-02 2.207203993899392044e-09 9.706172078162770278e-01 2.576858903868113430e+03
6.791564363737235510e+01 2.242633860484201727e-02 1.187286528008578979e-01 8.097048508975114578e-02 2.207203993899392044e-09 9.706172078162770278e-01 2.576858903868113430e+03
6.797390337737496679e+01 2.241017290293979142e-02 1.183138408576958484e-01 9.362231405499980841e-02 2.255925321931419914e-09 9.724480544884935851e-01 2.577400934516173947e+03
6.815419765293475507e+01 2.241785839716178494e-02 1.179870889672991752e-01 9.593856545920835532e-02 2.263880432107529534e-09 9.737766372798957182e-01 2.577514960234362661e+03
6.790599069694961543e+01 2.242506635128133780e-02 1.186781091081471062e-01 8.200579305171151745e-02 2.209942742481307876e-09 9.718211533494901522e-01 2.577006034719485342e+03
6.790599069694961543e+01 2.242506635128133780e-02 1.186781091081471062e-01 8.200579305171151745e-02 2.209942742481307876e-09 9.718211533494901522e-01 2.577006034719485342e+03
6.808416157561427440e+01 2.240109820568104634e-02 1.184496912582641975e-01 7.827801001739599640e-02 2.193958561977602250e-09 9.715235963017561094e-01 2.576865489314003298e+03
6.808416157561427440e+01 2.240109820568104634e-02 1.184496912582641975e-01 7.827801001739599640e-02 2.193958561977602250e-09 9.715235963017561094e-01 2.576865489314003298e+03
6.840544653875957692e+01 2.236966864837715979e-02 1.175437337575568897e-01 7.471564438016822796e-02 2.174275239734094060e-09 9.727855876708629834e-01 2.577012004880119548e+03
6.822328576728267535e+01 2.238695861274591151e-02 1.179542824675623713e-01 9.378071756583888918e-02 2.257024301188135197e-09 9.719174050548745614e-01 2.577295454467564014e+03
6.822328576728267535e+01 2.238695861274591151e-02 1.179542824675623713e-01 9.378071756583888918e-02 2.257024301188135197e-09 9.719174050548745614e-01 2.577295454467564014e+03
6.813007492795978237e+01 2.243297097788517561e-02 1.182768976496469393e-01 1.006132232318485281e-01 2.287390809876640888e-09 9.727670976456250784e-01 2.578113505684000302e+03
6.839708190441999136e+01 2.243430128726647127e-02 1.177072706493726001e-01 9.808855729874083051e-02 2.275244931417824310e-09 9.744254220113642839e-01 2.576975436683453154e+03
6.822448267430536362e+01 2.244376110919811887e-02 1.180788839630963760e-01 1.099425418769179874e-01 2.325647804108375164e-09 9.731946981788284212e-01 2.582314564000923383e+03
6.829383621815333072e+01 2.244505013192474308e-02 1.180427858817396786e-01 1.088813420436860885e-01 2.322651533007047643e-09 9.733274090430555914e-01 2.580588869146636171e+03
6.830824009349053938e+01 2.245739238066501650e-02 1.177800944946842954e-01 1.087467853940617540e-01 2.320755928441001142e-09 9.740888456252631000e-01 2.578785105522561025e+03
6.853917089319169520e+01 2.244517542550851508e-02 1.168696315828277044e-01 1.145851730648608097e-01 2.344275235632644758e-09 9.745722796263498466e-01 2.578339776837216959e+03
6.853917089319169520e+01 2.244517542550851508e-02 1.168696315828277044e-01 1.145851730648608097e-01 2.344275235632644758e-09 9.745722796263498466e-01 2.578339776837216959e+03
6.868770824311802414e+01 2.246409665920440918e-02 1.166110623626382542e-01 1.130084438772573779e-01 2.334520897617833363e-09 9.772479011657542181e-01 2.577985510581721428e+03
6.867553845761057119e+01 2.247724990655179320e-02 1.165739046845394866e-01 1.078884942207223724e-01 2.313179026409371181e-09 9.775015000563956891e-01 2.578402473416797875e+03
6.845418914154062406e+01 2.249341552028743391e-02 1.173300490711110255e-01 1.062623840595474517e-01 2.310162315571978319e-09 9.752517783127395701e-01 2.577542323800585564e+03
6.845418914154062406e+01 2.249341552028743391e-02 1.173300490711110255e-01 1.062623840595474517e-01 2.310162315571978319e-09 9.752517783127395701e-01 2.577542323800585564e+03
6.842839083346174789e+01 2.249849321858710116e-02 1.174768518840007964e-01 1.081612293679975190e-01 2.319267059729246961e-09 9.748366603159285271e-01 2.577563999718474406e+03
6.842839083346174789e+01 2.249849321858710116e-02 1.174768518840007964e-01 1.081612293679975190e-01 2.319267059729246961e-09 9.748366603159285271e-01 2.577563999718474406e+03
6.813912384560997282e+01 2.249699765902166484e-02 1.182912748783650214e-01 9.259879064358834955e-02 2.256382537772072319e-09 9.735735229340842789e-01 2.578745649654866611e+03
6.816394129205853858e+01 2.251341956603477787e-02 1.182391366744725558e-01 8.452838112384616909e-02 2.221970866858062678e-09 9.747105116720323759e-01 2.582808739397244608e+03
6.760633855299835204e+01 2.252213318258942595e-02 1.196560466534192235e-01 7.050153946864723409e-02 2.169234118784456554e-09 9.685724418523294910e-01 2.580780585865666581e+03
6.764942757729825473e+01 2.249819944662801927e-02 1.195574346802633359e-01 7.035151799824099217e-02 2.169373808664312319e-09 9.679211116667550963e-01 2.580374129059182906e+03
6.765961108498677845e+01 2.248945103827118194e-02 1.194674456916242078e-01 6.850334997818201266e-02 2.160738919401889556e-09 9.683441675635092727e-01 2.580465710202613991e+03
6.781080940754300457e+01 2.246974486323596171e-02 1.191735033557833889e-01 7.752351008491056850e-02 2.195493424693024269e-09 9.699210787118349719e-01 2.577944833861784900e+03
6.745079526536164849e+01 2.249581930348013015e-02 1.202271024401821431e-01 7.792983453194894661e-02 2.202796390128702821e-09 9.671769370084151163e-01 2.579269152968560320e+03
6.766033470478042489e+01 2.246907544549981914e-02 1.195751591418580673e-01 7.173810546424501389e-02 2.171933608270271576e-09 9.692099472010342609e-01 2.578253814599620000e+03
6.724689533840874844e+01 2.247708140029659046e-02 1.206796628680188860e-01 6.770506767254266811e-02 2.158180712219698378e-09 9.656384525321944912e-01 2.579973710788438439e+03
6.721826594518545051e+01 2.252898818863077052e-02 1.206884226411887445e-01 7.638434458353622614e-02 2.195206417672092163e-09 9.658705512666777571e-01 2.580899743151547227e+03
6.714759139229947493e+01 2.250777602305197370e-02 1.209167843347287580e-01 6.020952872862603972e-02 2.126772287024686090e-09 9.654941665337190004e-01 2.580997290312949190e+03
6.729902308981803571e+01 2.249153299250102392e-02 1.207676126182503501e-01 7.411182116293599242e-02 2.185626819428780842e-09 9.654697352197827431e-01 2.581570557097469646e+03
6.729902308981803571e+01 2.249153299250102392e-02 1.207676126182503501e-01 7.411182116293599242e-02 2.185626819428780842e-09 9.654697352197827431e-01 2.581570557097469646e+03
6.729902308981803571e+01 2.249153299250102392e-02 1.207676126182503501e-01 7.411182116293599242e-02 2.185626819428780842e-09 9.654697352197827431e-01 2.581570557097469646e+03
6.729902308981803571e+01 2.249153299250102392e-02 1.207676126182503501e-01 7.411182116293599242e-02 2.185626819428780842e-09 9.654697352197827431e-01 2.581570557097469646e+03
6.695694811941150704e+01 2.247532628542664099e-02 1.215341978554384389e-01 5.437414037095086861e-02 2.105500158567842346e-09 9.621796137800088244e-01 2.584340089676149546e+03
6.725004592650643076e+01 2.247420441139678579e-02 1.206002607963160000e-01 6.929083887352138760e-02 2.163142865617309465e-09 9.652397678840194395e-01 2.581015718251599992e+03
6.725004592650643076e+01 2.247420441139678579e-02 1.206002607963160000e-01 6.929083887352138760e-02 2.163142865617309465e-09 9.652397678840194395e-01 2.581015718251599992e+03
6.725004592650643076e+01 2.247420441139678579e-02 1.206002607963160000e-01 6.929083887352138760e-02 2.163142865617309465e-09 9.652397678840194395e-01 2.581015718251599992e+03
6.725004592650643076e+01 2.247420441139678579e-02 1.206002607963160000e-01 6.929083887352138760e-02 2.163142865617309465e-09 9.652397678840194395e-01 2.581015718251599992e+03
6.728617185199981066e+01 2.247848246907404451e-02 1.204915627220260743e-01 6.387854400320812365e-02 2.138262761121039738e-09 9.665037050176539246e-01 2.580801395096688339e+03
6.748000691194479828e+01 2.248344076807157893e-02 1.199580680487826595e-01 7.611192336180915008e-02 2.187883190277593584e-09 9.672326273099610683e-01 2.580548603182962324e+03
6.748000691194479828e+01 2.248344076807157893e-02 1.199580680487826595e-01 7.611192336180915008e-02 2.187883190277593584e-09 9.672326273099610683e-01 2.580548603182962324e+03
6.748000691194479828e+01 2.248344076807157893e-02 1.199580680487826595e-01 7.611192336180915008e-02 2.187883190277593584e-09 9.672326273099610683e-01 2.580548603182962324e+03
6.740190207925067511e+01 2.245156226750734396e-02 1.199767179956609808e-01 6.975914858882856229e-02 2.159006456718812656e-09 9.656531782474657710e-01 2.583926249271756205e+03
6.730840490575094748e+01 2.243458006433769747e-02 1.203383019498651951e-01 5.989968878986721285e-02 2.120435996720705055e-09 9.635104107876346635e-01 2.586053638749309357e+03
6.730840490575094748e+01 2.243458006433769747e-02 1.203383019498651951e-01 5.989968878986721285e-02 2.120435996720705055e-09 9.635104107876346635e-01 2.586053638749309357e+03
6.755604927127875214e+01 2.247805863113751246e-02 1.193510014796534402e-01 6.074788620033938491e-02 2.118870235015642044e-09 9.680705330527991093e-01 2.580213361148290005e+03
6.756315343121724482e+01 2.246636466795859030e-02 1.194263122707454883e-01 7.356794247376219342e-02 2.170578182446292284e-09 9.699493528792247909e-01 2.581207587508564757e+03
6.765976132024196943e+01 2.245205052544893207e-02 1.191193593321384359e-01 7.872698640117878344e-02 2.192424088416997149e-09 9.689594031633146365e-01 2.581084051399526288e+03
6.738404097094256429e+01 2.244655735280983236e-02 1.199211176123659850e-01 6.021731043087505397e-02 2.120691690071257810e-09 9.648315954049351273e-01 2.581903881760124477e+03
6.733137022957789952e+01 2.245620843369497063e-02 1.202622064802563867e-01 6.903344450338660954e-02 2.160435160770947204e-09 9.650754665352034856e-01 2.580958626954898136e+03
6.750631734049690635e+01 2.246951421085266118e-02 1.199215576178903481e-01 8.929440058521380397e-02 2.244729809017341014e-09 9.673921745892619661e-01 2.582046953592720911e+03
6.750631734049690635e+01 2.246951421085266118e-02 1.199215576178903481e-01 8.929440058521380397e-02 2.244729809017341014e-09 9.673921745892619661e-01 2.582046953592720911e+03
6.750631734049690635e+01 2.246951421085266118e-02 1.199215576178903481e-01 8.929440058521380397e-02 2.244729809017341014e-09 9.673921745892619661e-01 2.582046953592720911e+03
6.764016598505449451e+01 2.245073404743504891e-02 1.194179214168780423e-01 9.226506370111133004e-02 2.255128414546708663e-09 9.675872754596035463e-01 2.582361616475900519e+03
6.760507930244133945e+01 2.247186012945919659e-02 1.194757434933893803e-01 9.534000348329353669e-02 2.269765953059517397e-09 9.671797184043814388e-01 2.582459279634804261e+03
6.774805152022221932e+01 2.247479337873622626e-02 1.191057028228197506e-01 8.969534353015543027e-02 2.243160417632346194e-09 9.691619886615850943e-01 2.579259470749185311e+03
6.774805152022221932e+01 2.247479337873622626e-02 1.191057028228197506e-01 8.969534353015543027e-02 2.243160417632346194e-09 9.691619886615850943e-01 2.579259470749185311e+03
6.756386483567683854e+01 2.248311403753310359e-02 1.194183033912650099e-01 8.053182282792509250e-02 2.206232224566610740e-09 9.688927995896182699e-01 2.578793758767612417e+03
6.752791225347675663e+01 2.245875918927925374e-02 1.194131232103522039e-01 7.945057969139474041e-02 2.200119463384164343e-09 9.685344255309483730e-01 2.578996995717213395e+03
6.731771188984636467e+01 2.245064276650725679e-02 1.197433795290832603e-01 7.234015598628035226e-02 2.173726773710824441e-09 9.650239514091040194e-01 2.580821495337727356e+03
6.740379459448666921e+01 2.241793762476676499e-02 1.198497811098203220e-01 5.260268300012943543e-02 2.091184663837935118e-09 9.649069829710187340e-01 2.579829513263854096e+03
6.739971534858518964e+01 2.238618184041674467e-02 1.196187830421559239e-01 4.016133261503442714e-02 2.037588292573889754e-09 9.637854658422297938e-01 2.583337586638249377e+03
6.727029863480730398e+01 2.238424475906957908e-02 1.197471915808418913e-01 4.534517753984327465e-02 2.058408387535606642e-09 9.629097091665869135e-01 2.585094296593680156e+03
6.757685576237994951e+01 2.235333120008791558e-02 1.189230614948022235e-01 4.324631675157937505e-02 2.043735682138806587e-09 9.658928959790019642e-01 2.584399462639771173e+03
6.756921043522595483e+01 2.239503317363262733e-02 1.190954203825142083e-01 4.404704383015099062e-02 2.048022567623726199e-09 9.673484143200272722e-01 2.581412950132239530e+03
6.778719693017100667e+01 2.240448047385293004e-02 1.183452759217052536e-01 6.946140160942353148e-02 2.149739418698380810e-09 9.696117295175394890e-01 2.580134097384267989e+03
6.778719693017100667e+01 2.240448047385293004e-02 1.183452759217052536e-01 6.946140160942353148e-02 2.149739418698380810e-09 9.696117295175394890e-01 2.580134097384267989e+03
6.789221501657222291e+01 2.242304446641368507e-02 1.179887212498220844e-01 7.280258369990660894e-02 2.163618435906956990e-09 9.709291028587069272e-01 2.579902909702906072e+03
6.789221501657222291e+01 2.242304446641368507e-02 1.179887212498220844e-01 7.280258369990660894e-02 2.163618435906956990e-09 9.709291028587069272e-01 2.579902909702906072e+03
6.802461049271460070e+01 2.241343105658476914e-02 1.177618728359779154e-01 9.015298025370316326e-02 2.235918438173505330e-09 9.722312446676327768e-01 2.579602532808189153e+03
6.802830066388260377e+01 2.243918169298493234e-02 1.180521188802666349e-01 1.014376389127303879e-01 2.286850870395290347e-09 9.716216424825374620e-01 2.581375402433699037e+03
6.802830066388260377e+01 2.243918169298493234e-02 1.180521188802666349e-01 1.014376389127303879e-01 2.286850870395290347e-09 9.716216424825374620e-01 2.581375402433699037e+03
6.820466103716034922e+01 2.239616429695564723e-02 1.176190452351918436e-01 9.411669296568954401e-02 2.253916763183637076e-09 9.704937860893588786e-01 2.581019882352433797e+03
6.820466103716034922e+01 2.239616429695564723e-02 1.176190452351918436e-01 9.411669296568954401e-02 2.253916763183637076e-09 9.704937860893588786e-01 2.581019882352433797e+03
6.820466103716034922e+01 2.239616429695564723e-02 1.176190452351918436e-01 9.411669296568954401e-02 2.253916763183637076e-09 9.704937860893588786e-01 2.581019882352433797e+03
6.834158482920621225e+01 2.240705306166697330e-02 1.173924502429707362e-01 8.132670238735903445e-02 2.200532559570009472e-09 9.718756908821567508e-01 2.576642952002869151e+03
6.834158482920621225e+01 2.240705306166697330e-02 1.173924502429707362e-01 8.132670238735903445e-02 2.200532559570009472e-09 9.718756908821567508e-01 2.576642952002869151e+03
6.834158482920621225e+01 2.240705306166697330e-02 1.173924502429707362e-01 8.132670238735903445e-02 2.200532559570009472e-09 9.718756908821567508e-01 2.576642952002869151e+03
6.834158482920621225e+01 2.240705306166697330e-02 1.173924502429707362e-01 8.132670238735903445e-02 2.200532559570009472e-09 9.718756908821567508e-01 2.576642952002869151e+03
6.851264400399203680e+01 2.241751736113677812e-02 1.167852609051195506e-01 7.702196201099179018e-02 2.180492418679475440e-09 9.741053512297522810e-01 2.578208401585233332e+03
6.872625586136325637e+01 2.237512257919559849e-02 1.162245254063153793e-01 7.992209239290402889e-02 2.188733165344591950e-09 9.750992544218082259e-01 2.577271578678230526e+03
6.869833435537110233e+01 2.238564460577310844e-02 1.164035805936670109e-01 8.662815290436813587e-02 2.218641642649681980e-09 9.748461349905674922e-01 2.576685375274152648e+03
6.869833435537110233e+01 2.238564460577310844e-02 1.164035805936670109e-01 8.662815290436813587e-02 2.218641642649681980e-09 9.748461349905674922e-01 2.576685375274152648e+03
6.869833435537110233e+01 2.238564460577310844e-02 1.164035805936670109e-01 8.662815290436813587e-02 2.218641642649681980e-09 9.748461349905674922e-01 2.576685375274152648e+03
6.869833435537110233e+01 2.238564460577310844e-02 1.164035805936670109e-01 8.662815290436813587e-02 2.218641642649681980e-09 9.748461349905674922e-01 2.576685375274152648e+03
6.870980189631498547e+01 2.240400797677533432e-02 1.165533642457441399e-01 9.094231254129936382e-02 2.238782466628329145e-09 9.754514238006256610e-01 2.576476370591725754e+03
6.870980189631498547e+01 2.240400797677533432e-02 1.165533642457441399e-01 9.094231254129936382e-02 2.238782466628329145e-09 9.754514238006256610e-01 2.576476370591725754e+03
6.851729684105687568e+01 2.238986279333113338e-02 1.170848160668713084e-01 8.383856965657315863e-02 2.211165966112902902e-09 9.739600010760213200e-01 2.576484717911891494e+03
6.846231389106203835e+01 2.237216657866892763e-02 1.172854073589733453e-01 7.105607062434417254e-02 2.157830822821670766e-09 9.724787312456981692e-01 2.577163127179566800e+03
6.816634788016629898e+01 2.240563304705785880e-02 1.181386474153647281e-01 7.881187533775499410e-02 2.193645145772357100e-09 9.708699631297765809e-01 2.576858152617658106e+03
6.848460047325075095e+01 2.238974255869094834e-02 1.172083649844179176e-01 8.022184345606986344e-02 2.194167698377647536e-09 9.727023456100455379e-01 2.576922165482531000e+03
6.817487280759729629e+01 2.239586948873369815e-02 1.177953231677515422e-01 8.539139762121387978e-02 2.218223174729593000e-09 9.705250711937123409e-01 2.578221816727339046e+03
6.837248593424465071e+01 2.239283505957354731e-02 1.173083513217899054e-01 9.018397392606078422e-02 2.237717788235196392e-09 9.709087869351155087e-01 2.578645314273288932e+03
6.837248593424465071e+01 2.239283505957354731e-02 1.173083513217899054e-01 9.018397392606078422e-02 2.237717788235196392e-09 9.709087869351155087e-01 2.578645314273288932e+03
6.863254052144478123e+01 2.239254449778366879e-02 1.165449050143137488e-01 8.136792384135707601e-02 2.195479503918411841e-09 9.742070926822028465e-01 2.576807733161707802e+03
6.863574383719037542e+01 2.240368362940356461e-02 1.166214691174125434e-01 7.682162105642244276e-02 2.176483994652941099e-09 9.752284181780139782e-01 2.576801412457010883e+03
6.863574383719037542e+01 2.240368362940356461e-02 1.166214691174125434e-01 7.682162105642244276e-02 2.176483994652941099e-09 9.752284181780139782e-01 2.576801412457010883e+03
6.881341836084695274e+01 2.236677805780119474e-02 1.160293037868621591e-01 7.499390840055318586e-02 2.165364092082500684e-09 9.743754726572836367e-01 2.577897183056714312e+03
6.911847398209712878e+01 2.236888616666599106e-02 1.153234065933157887e-01 7.068777861935468532e-02 2.142632871314259545e-09 9.769881477923642032e-01 2.578509518139461761e+03
6.924353720488697661e+01 2.236887415273049878e-02 1.151028668819703699e-01 6.861162371292464646e-02 2.133906811412355664e-09 9.773730015500060597e-01 2.578989129172802222e+03
6.926248304103397402e+01 2.235646531482246568e-02 1.149996539347433178e-01 7.832486651953879386e-02 2.172494999270299472e-09 9.775895688668574390e-01 2.579262453974456093e+03
6.917631837126779715e+01 2.237298011920562865e-02 1.150830613395428942e-01 6.805332391780928580e-02 2.130778858969906448e-09 9.762066882694534486e-01 2.579603812224286685e+03
6.917631837126779715e+01 2.237298011920562865e-02 1.150830613395428942e-01 6.805332391780928580e-02 2.130778858969906448e-09 9.762066882694534486e-01 2.579603812224286685e+03
6.917631837126779715e+01 2.237298011920562865e-02 1.150830613395428942e-01 6.805332391780928580e-02 2.130778858969906448e-09 9.762066882694534486e-01 2.579603812224286685e+03
6.917631837126779715e+01 2.237298011920562865e-02 1.150830613395428942e-01 6.805332391780928580e-02 2.130778858969906448e-09 9.762066882694534486e-01 2.579603812224286685e+03
6.917631837126779715e+01 2.237298011920562865e-02 1.150830613395428942e-01 6.805332391780928580e-02 2.130778858969906448e-09 9.762066882694534486e-01 2.579603812224286685e+03
6.917631837126779715e+01 2.237298011920562865e-02 1.150830613395428942e-01 6.805332391780928580e-02 2.130778858969906448e-09 9.762066882694534486e-01 2.579603812224286685e+03
6.911698910188324874e+01 2.236111608921048655e-02 1.150934670237240970e-01 6.100860208028551640e-02 2.097807384728989214e-09 9.776696925062399179e-01 2.580592033262337281e+03
6.937960062413239370e+01 2.235835373258302297e-02 1.143823089395863968e-01 7.369682746277564367e-02 2.145482825740808884e-09 9.812909713802721035e-01 2.581430919254811215e+03
6.992364080445184982e+01 2.229941854346707136e-02 1.129794126741094917e-01 7.451269547171102126e-02 2.143119554557565618e-09 9.839053214819442061e-01 2.584319314413462052e+03
6.976184019635579148e+01 2.228592495226342993e-02 1.131849079272472108e-01 6.633692350325434695e-02 2.108714243313503262e-09 9.833936645341769811e-01 2.585352022719983324e+03
6.943552876449105327e+01 2.232907152083715013e-02 1.139320743562070720e-01 6.089409912997081203e-02 2.090894092198405178e-09 9.806111387804696822e-01 2.584039154191358648e+03
6.958870294662479239e+01 2.232965436909070331e-02 1.137482551716038071e-01 5.765772179087461091e-02 2.077640979580619114e-09 9.800962615809973855e-01 2.583955605014430603e+03
6.954178056125543606e+01 2.233835008177079487e-02 1.139805730602843764e-01 5.444881224628950189e-02 2.067174656663873970e-09 9.794061055362730528e-01 2.583135820612180396e+03
6.961286282845384221e+01 2.235039754857460689e-02 1.138353593009770737e-01 7.108038061457258583e-02 2.135474174261753252e-09 9.813360944078186598e-01 2.581624670025174510e+03
6.951201317713284311e+01 2.233288154467818337e-02 1.139783371564973419e-01 6.569423326726722689e-02 2.112624547547423022e-09 9.800099432023599011e-01 2.582256346744068196e+03
6.951201317713284311e+01 2.233288154467818337e-02 1.139783371564973419e-01 6.569423326726722689e-02 2.112624547547423022e-09 9.800099432023599011e-01 2.582256346744068196e+03
6.951201317713284311e+01 2.233288154467818337e-02 1.139783371564973419e-01 6.569423326726722689e-02 2.112624547547423022e-09 9.800099432023599011e-01 2.582256346744068196e+03
6.938645068148562700e+01 2.236986980342385578e-02 1.144598810074633072e-01 6.393421379807866234e-02 2.109141538600763871e-09 9.792488087638010485e-01 2.580700648418377568e+03
6.943905224748375815e+01 2.235950648826818057e-02 1.143369502031682805e-01 6.947095715017596873e-02 2.131202234419822933e-09 9.793112229652103373e-01 2.580550681556132076e+03
6.943905224748375815e+01 2.235950648826818057e-02 1.143369502031682805e-01 6.947095715017596873e-02 2.131202234419822933e-09 9.793112229652103373e-01 2.580550681556132076e+03
6.943905224748375815e+01 2.235950648826818057e-02 1.143369502031682805e-01 6.947095715017596873e-02 2.131202234419822933e-09 9.793112229652103373e-01 2.580550681556132076e+03
6.943905224748375815e+01 2.235950648826818057e-02 1.143369502031682805e-01 6.947095715017596873e-02 2.131202234419822933e-09 9.793112229652103373e-01 2.580550681556132076e+03
6.938285915368730628e+01 2.238488168771394365e-02 1.145135177558775086e-01 7.508293119089357037e-02 2.157910537240825301e-09 9.786408158915944622e-01 2.579696961640636800e+03
6.922912737168347519e+01 2.236163763844730215e-02 1.148582599441488744e-01 5.422510480799518778e-02 2.070673339818862165e-09 9.773484718062206422e-01 2.581143823876413990e+03
6.942461506271035887e+01 2.234335390398300980e-02 1.144315878677627379e-01 5.278178490953610441e-02 2.063824592905909882e-09 9.781882746891757963e-01 2.582083076880792760e+03
6.942461506271035887e+01 2.234335390398300980e-02 1.144315878677627379e-01 5.278178490953610441e-02 2.063824592905909882e-09 9.781882746891757963e-01 2.582083076880792760e+03
6.959465945863232150e+01 2.233397431045323206e-02 1.139498150245240871e-01 4.070123700185900029e-02 2.011445800279599478e-09 9.794246069723522297e-01 2.584832612658283324e+03
6.959465945863232150e+01 2.233397431045323206e-02 1.139498150245240871e-01 4.070123700185900029e-02 2.011445800279599478e-09 9.794246069723522297e-01 2.584832612658283324e+03
6.959465945863232150e+01 2.233397431045323206e-02 1.139498150245240871e-01 4.070123700185900029e-02 2.011445800279599478e-09 9.794246069723522297e-01 2.584832612658283324e+03
6.959465945863232150e+01 2.233397431045323206e-02 1.139498150245240871e-01 4.070123700185900029e-02 2.011445800279599478e-09 9.794246069723522297e-01 2.584832612658283324e+03
6.966171297208181556e+01 2.235124658377684106e-02 1.137792283314085912e-01 3.808605848430822449e-02 2.000184586859022736e-09 9.799210796286884628e-01 2.585447665854442675e+03
6.966171297208181556e+01 2.235124658377684106e-02 1.137792283314085912e-01 3.808605848430822449e-02 2.000184586859022736e-09 9.799210796286884628e-01 2.585447665854442675e+03
6.975588027132137370e+01 2.235298780658388079e-02 1.136922753771417577e-01 3.635926922792399180e-02 1.993669663216363535e-09 9.806991041948350807e-01 2.585736653426328303e+03
6.975588027132137370e+01 2.235298780658388079e-02 1.136922753771417577e-01 3.635926922792399180e-02 1.993669663216363535e-09 9.806991041948350807e-01 2.585736653426328303e+03
6.975588027132137370e+01 2.235298780658388079e-02 1.136922753771417577e-01 3.635926922792399180e-02 1.993669663216363535e-09 9.806991041948350807e-01 2.585736653426328303e+03
6.935357299955384747e+01 2.236166930723403057e-02 1.146581863099938176e-01 3.586144823883768290e-02 1.997271793286630506e-09 9.768891382771313081e-01 2.583906014325883007e+03
6.947709710263332283e+01 2.237036502135015051e-02 1.145471010215117769e-01 3.565189321619022939e-02 1.997664765500680364e-09 9.769926267585238300e-01 2.584516218409355133e+03
6.930874777678465648e+01 2.240587171392550286e-02 1.147565231240006561e-01 3.097073194256529105e-02 1.977388315260632589e-09 9.781486909373671157e-01 2.583956608255845367e+03
6.930874777678465648e+01 2.240587171392550286e-02 1.147565231240006561e-01 3.097073194256529105e-02 1.977388315260632589e-09 9.781486909373671157e-01 2.583956608255845367e+03
6.935844547920797254e+01 2.238282209619360530e-02 1.148049728034150341e-01 2.941935976539718917e-02 1.971762065711292008e-09 9.773884659835482269e-01 2.584148784418891410e+03
6.935844547920797254e+01 2.238282209619360530e-02 1.148049728034150341e-01 2.941935976539718917e-02 1.971762065711292008e-09 9.773884659835482269e-01 2.584148784418891410e+03
6.921935602795056752e+01 2.242288512255660726e-02 1.153970370204936702e-01 2.161430004514144215e-02 1.942686649351965828e-09 9.776879577877350957e-01 2.584229969341762626e+03
6.921935602795056752e+01 2.242288512255660726e-02 1.153970370204936702e-01 2.161430004514144215e-02 1.942686649351965828e-09 9.776879577877350957e-01 2.584229969341762626e+03
6.923113412915485299e+01 2.245173279653605095e-02 1.154102638816014159e-01 2.341777882863435578e-02 1.950679288942435184e-09 9.795029316352287241e-01 2.584520417498658844e+03
6.923113412915485299e+01 2.245173279653605095e-02 1.154102638816014159e-01 2.341777882863435578e-02 1.950679288942435184e-09 9.795029316352287241e-01 2.584520417498658844e+03
6.909630073940384420e+01 2.244628938559796102e-02 1.157882839405491859e-01 2.141076042751569736e-02 1.945082393529366018e-09 9.782938811530175194e-01 2.584037425658789289e+03
6.940026945008035852e+01 2.242020402993396416e-02 1.151581877762364037e-01 3.025245145322372209e-02 1.977039008835600148e-09 9.809116268168686092e-01 2.585232661410656419e+03
6.930917408536168978e+01 2.242246226177601123e-02 1.154287189479900888e-01 3.667695810558753433e-02 2.004888821917191875e-09 9.796248363431115935e-01 2.583709293703584081e+03
6.930917408536168978e+01 2.242246226177601123e-02 1.154287189479900888e-01 3.667695810558753433e-02 2.004888821917191875e-09 9.796248363431115935e-01 2.583709293703584081e+03
6.930917408536168978e+01 2.242246226177601123e-02 1.154287189479900888e-01 3.667695810558753433e-02 2.004888821917191875e-09 9.796248363431115935e-01 2.583709293703584081e+03
6.913786750197748177e+01 2.244152860830955082e-02 1.159431778878698555e-01 3.295691874971674179e-02 1.992392156469267742e-09 9.782098401606912352e-01 2.583128763072694255e+03
6.907023909160491826e+01 2.246115725297283261e-02 1.160991505954708652e-01 2.776912712123119284e-02 1.971085797435408783e-09 9.779004479247901394e-01 2.583095626564559097e+03
6.907023909160491826e+01 2.246115725297283261e-02 1.160991505954708652e-01 2.776912712123119284e-02 1.971085797435408783e-09 9.779004479247901394e-01 2.583095626564559097e+03
6.903324295664101840e+01 2.252523491230948652e-02 1.164177997775535656e-01 2.474042603001939608e-02 1.960744661346916462e-09 9.793585290538683319e-01 2.585827069052716070e+03
6.903324295664101840e+01 2.252523491230948652e-02 1.164177997775535656e-01 2.474042603001939608e-02 1.960744661346916462e-09 9.793585290538683319e-01 2.585827069052716070e+03
6.903324295664101840e+01 2.252523491230948652e-02 1.164177997775535656e-01 2.474042603001939608e-02 1.960744661346916462e-09 9.793585290538683319e-01 2.585827069052716070e+03
6.904932489424328423e+01 2.252652866929463760e-02 1.163967647321638987e-01 3.708534056122646250e-02 2.011738993446830357e-09 9.797064206302327216e-01 2.586492038480783776e+03
6.907909892031996435e+01 2.249616986812951955e-02 1.161279699921248104e-01 4.377988953810926787e-02 2.035269832172212696e-09 9.800713435212088376e-01 2.583378046605148484e+03
6.889491712171391669e+01 2.248978650028701440e-02 1.164771685698294951e-01 3.828130706532847233e-02 2.011940489155952651e-09 9.796315891047522317e-01 2.583088905808256186e+03
6.889491712171391669e+01 2.248978650028701440e-02 1.164771685698294951e-01 3.828130706532847233e-02 2.011940489155952651e-09 9.796315891047522317e-01 2.583088905808256186e+03
6.889491712171391669e+01 2.248978650028701440e-02 1.164771685698294951e-01 3.828130706532847233e-02 2.011940489155952651e-09 9.796315891047522317e-01 2.583088905808256186e+03
6.889491712171391669e+01 2.248978650028701440e-02 1.164771685698294951e-01 3.828130706532847233e-02 2.011940489155952651e-09 9.796315891047522317e-01 2.583088905808256186e+03
6.926041358265104009e+01 2.247217610856796360e-02 1.154314644760673497e-01 6.448539337412537154e-02 2.113602281894478981e-09 9.837388059194048795e-01 2.583879821178165912e+03
6.926041358265104009e+01 2.247217610856796360e-02 1.154314644760673497e-01 6.448539337412537154e-02 2.113602281894478981e-09 9.837388059194048795e-01 2.583879821178165912e+03
6.897148756111850787e+01 2.249219462740234196e-02 1.159877164201621180e-01 5.602672193980438864e-02 2.082601051010638672e-09 9.817571894342124184e-01 2.584933680613892648e+03
6.897148756111850787e+01 2.249219462740234196e-02 1.159877164201621180e-01 5.602672193980438864e-02 2.082601051010638672e-09 9.817571894342124184e-01 2.584933680613892648e+03
6.897148756111850787e+01 2.249219462740234196e-02 1.159877164201621180e-01 5.602672193980438864e-02 2.082601051010638672e-09 9.817571894342124184e-01 2.584933680613892648e+03
6.881884316661367507e+01 2.249443425984740466e-02 1.164157662594100251e-01 4.061983621948526274e-02 2.020558743781329685e-09 9.793362901283444444e-01 2.582794125637535672e+03
6.894827422619765400e+01 2.249163989287081278e-02 1.160963572825019774e-01 4.637292828939567485e-02 2.042230729614662909e-09 9.809415885311159045e-01 2.583643621958991844e+03
6.881698411700814688e+01 2.249790453198321355e-02 1.166527673029261469e-01 5.152230367056967464e-02 2.065828293103260839e-09 9.809432784359278790e-01 2.584016841880977154e+03
6.881698411700814688e+01 2.249790453198321355e-02 1.166527673029261469e-01 5.152230367056967464e-02 2.065828293103260839e-09 9.809432784359278790e-01 2.584016841880977154e+03
6.880840101350460714e+01 2.244318945889317574e-02 1.166331229148364068e-01 4.023110964264379336e-02 2.017675237714347247e-09 9.782895819783611335e-01 2.582971444237477954e+03
6.883241576307327136e+01 2.240961319611946972e-02 1.164481581623662554e-01 4.431215259159550918e-02 2.034094873924756872e-09 9.766099505591411267e-01 2.582284685038757289e+03
6.905267624920796266e+01 2.242130689668053387e-02 1.159839855700318251e-01 7.063350128581782905e-02 2.142895524889829813e-09 9.789408457558104182e-01 2.578861403839007380e+03
6.905267624920796266e+01 2.242130689668053387e-02 1.159839855700318251e-01 7.063350128581782905e-02 2.142895524889829813e-09 9.789408457558104182e-01 2.578861403839007380e+03
6.905267624920796266e+01 2.242130689668053387e-02 1.159839855700318251e-01 7.063350128581782905e-02 2.142895524889829813e-09 9.789408457558104182e-01 2.578861403839007380e+03
6.892259938658347096e+01 2.243417407419204257e-02 1.161925980421564947e-01 8.213607511105397441e-02 2.191361810526952687e-09 9.793191873040917317e-01 2.578863921900695914e+03
6.892259938658347096e+01 2.243417407419204257e-02 1.161925980421564947e-01 8.213607511105397441e-02 2.191361810526952687e-09 9.793191873040917317e-01 2.578863921900695914e+03
6.896838324203585557e+01 2.243798835723853635e-02 1.161069759498632725e-01 6.764591314341791839e-02 2.130011357508931139e-09 9.791311355841780806e-01 2.579033567066050637e+03
6.896838324203585557e+01 2.243798835723853635e-02 1.161069759498632725e-01 6.764591314341791839e-02 2.130011357508931139e-09 9.791311355841780806e-01 2.579033567066050637e+03
6.896838324203585557e+01 2.243798835723853635e-02 1.161069759498632725e-01 6.764591314341791839e-02 2.130011357508931139e-09 9.791311355841780806e-01 2.579033567066050637e+03
6.896838324203585557e+01 2.243798835723853635e-02 1.161069759498632725e-01 6.764591314341791839e-02 2.130011357508931139e-09 9.791311355841780806e-01 2.579033567066050637e+03
6.902643255161692082e+01 2.241436412826260799e-02 1.160069917338147488e-01 7.058103292021093711e-02 2.142372451075855787e-09 9.778380486238082980e-01 2.579211736255786491e+03
6.902643255161692082e+01 2.241436412826260799e-02 1.160069917338147488e-01 7.058103292021093711e-02 2.142372451075855787e-09 9.778380486238082980e-01 2.579211736255786491e+03
6.895629842080579408e+01 2.241908485497755635e-02 1.162595521027566386e-01 6.128761453356485617e-02 2.102119866818074221e-09 9.785049640999216036e-01 2.581610222257440000e+03
6.929966231410895716e+01 2.240876090800420287e-02 1.154344078983949862e-01 6.122048882943456616e-02 2.097678818059355964e-09 9.814928092304102680e-01 2.582652573529499023e+03
6.932177812943069739e+01 2.237097732565617933e-02 1.153769616604937015e-01 5.088234402012532104e-02 2.053662429444317837e-09 9.810270672631161704e-01 2.585914520518067548e+03
6.943147617281950090e+01 2.239714137384687595e-02 1.150149497745057425e-01 6.590143913875869119e-02 2.112919007436808109e-09 9.840498562436889030e-01 2.584686649404885429e+03
6.948007984576960894e+01 2.237214544281734829e-02 1.147277852220266181e-01 6.265599165746234267e-02 2.096442099944048777e-09 9.843482038477653351e-01 2.586333503064205615e+03
6.948007984576960894e+01 2.237214544281734829e-02 1.147277852220266181e-01 6.265599165746234267e-02 2.096442099944048777e-09 9.843482038477653351e-01 2.586333503064205615e+03
6.950439470866083980e+01 2.237343209373913316e-02 1.145320645644910679e-01 7.625728907055087658e-02 2.152621842854211399e-09 9.854316393358422133e-01 2.585313763251986074e+03
6.950439470866083980e+01 2.237343209373913316e-02 1.145320645644910679e-01 7.625728907055087658e-02 2.152621842854211399e-09 9.854316393358422133e-01 2.585313763251986074e+03
6.950439470866083980e+01 2.237343209373913316e-02 1.145320645644910679e-01 7.625728907055087658e-02 2.152621842854211399e-09 9.854316393358422133e-01 2.585313763251986074e+03
6.960940275215651241e+01 2.233860646974183267e-02 1.141668960161941054e-01 5.839172403488816776e-02 2.075911398460051659e-09 9.857515453602946343e-01 2.587278119803264417e+03
6.989983047377158698e+01 2.231315317262103082e-02 1.136689936920591143e-01 7.076508026612064739e-02 2.125442386310154238e-09 9.865875507001560241e-01 2.588499846534958579e+03
6.964685229768498687e+01 2.233846570935209275e-02 1.142433325237465769e-01 7.452953290070968295e-02 2.143432884122320673e-09 9.858733081757190542e-01 2.587062221799247709e+03
6.964685229768498687e+01 2.233846570935209275e-02 1.142433325237465769e-01 7.452953290070968295e-02 2.143432884122320673e-09 9.858733081757190542e-01 2.587062221799247709e+03
6.943585827907463681e+01 2.234170729649837331e-02 1.147789076493105909e-01 5.548314776631445289e-02 2.066531117818865265e-09 9.834546129658330305e-01 2.587940598469419001e+03
6.943585827907463681e+01 2.234170729649837331e-02 1.147789076493105909e-01 5.548314776631445289e-02 2.066531117818865265e-09 9.834546129658330305e-01 2.587940598469419001e+03
6.924584576634426014e+01 2.236921744215353280e-02 1.151885421580339103e-01 6.388784986696238732e-02 2.103596523378395730e-09 9.817487561767507254e-01 2.585777554723411413e+03
6.947136600559785791e+01 2.237484695462178125e-02 1.146166170343510537e-01 8.005402239120804064e-02 2.168210171905331994e-09 9.858574439873003525e-01 2.586367712789806319e+03
6.962000792918654213e+01 2.236997105607362035e-02 1.140703485247933080e-01 8.213270649470749696e-02 2.174225088059927380e-09 9.870375155742689977e-01 2.586923512563103486e+03
6.952166588792198354e+01 2.237853569724111702e-02 1.146053549895309220e-01 7.193653985243257665e-02 2.134861985418717027e-09 9.858328744775974872e-01 2.585905864710277910e+03
6.952166588792198354e+01 2.237853569724111702e-02 1.146053549895309220e-01 7.193653985243257665e-02 2.134861985418717027e-09 9.858328744775974872e-01 2.585905864710277910e+03
6.932498143487356401e+01 2.236732425831451307e-02 1.153015078201836130e-01 6.634667691656367938e-02 2.115801600761790917e-09 9.827428296252161966e-01 2.585373119971828146e+03
6.927695403349332537e+01 2.235060165176566346e-02 1.153626602023201803e-01 7.267699054537245240e-02 2.140520377163192779e-09 9.824307439488669802e-01 2.588502975929901368e+03
6.933513118732982150e+01 2.236254324258786161e-02 1.149188065955781546e-01 7.882709568263870925e-02 2.163297567522475671e-09 9.824787014528092444e-01 2.588954808647827576e+03
6.930154789639031776e+01 2.235654839926605464e-02 1.151923518349122905e-01 7.448106096828870093e-02 2.147166002834898203e-09 9.818029785956644551e-01 2.588700786868935211e+03
6.905251179609791734e+01 2.235209895470089900e-02 1.157750422732425066e-01 7.535832170867455548e-02 2.154318139458550781e-09 9.793022478452811930e-01 2.588709461759369333e+03
6.903230013483918981e+01 2.237393898297338965e-02 1.158821467597765387e-01 7.531099430957725882e-02 2.157308451022560043e-09 9.792307103908119981e-01 2.583478741121024996e+03
6.904482119442731403e+01 2.236855860676451729e-02 1.156939039144499332e-01 8.236771461872703648e-02 2.186319177886055594e-09 9.795824326001333349e-01 2.583054714450092433e+03
