6.900000000000000000e+01 2.199999999999999872e-02 1.199999999999999956e-01 5.999999999999999778e-02 2.100000000000000193e-09 9.499999999999999556e-01 3.272203377808957612e+03
6.899997116765985083e+01 2.199854138060292411e-02 1.200002597966855905e-01 6.000376629354730457e-02 2.348381601757230031e-09 9.499997686949027687e-01 3.272203377808957612e+03
6.899996208103139850e+01 2.199633407181375566e-02 1.200001999158885474e-01 6.000585546816153415e-02 2.806816973075676284e-09 9.499994562598172987e-01 3.272203377808957612e+03
6.899995169618262025e+01 2.199833835123482517e-02 1.199993803027242234e-01 6.000539904120757301e-02 3.197860065392358791e-09 9.499993150340472203e-01 3.272203377808957612e+03
6.899995371433942637e+01 2.199734314971524968e-02 1.199984753953598215e-01 6.000618530649030891e-02 2.835896345051234587e-09 9.499988216489646531e-01 3.272203377808957612e+03
6.899996734152358613e+01 2.199477288823974488e-02 1.199987549672012904e-01 6.000654085115817576e-02 2.281678196180281938e-09 9.499984607345056675e-01 3.272203377808957612e+03
6.899997820367735812e+01 2.199515509403567742e-02 1.199993073295417684e-01 6.000382351774836975e-02 2.202040557062710173e-09 9.499979825135154154e-01 3.272203377808957612e+03
6.899997000929505475e+01 2.198746253053688107e-02 1.199995083522282374e-01 6.000344383699711404e-02 2.109725975458979229e-09 9.499985422076900887e-01 3.272203377808957612e+03
6.899999372994409441e+01 2.199063738718637015e-02 1.200003677704053751e-01 6.000127846705546886e-02 1.867551879694922894e-09 9.499984204829519108e-01 3.272203377808957612e+03
6.899995904759016696e+01 2.199267120653473559e-02 1.199997578824162220e-01 6.000350786094917066e-02 1.179111643910469194e-09 9.499980094180610068e-01 3.272203377808957612e+03
6.899999045539323106e+01 2.199401958093552892e-02 1.200015321063326867e-01 6.000433756427663717e-02 4.413441248159223488e-10 9.499976895446796687e-01 3.272203377808957612e+03
6.900001197108335305e+01 2.199510895473148417e-02 1.200035888574674525e-01 6.000372510612149435e-02 7.080022360586498029e-10 9.499980885297181210e-01 3.272203377808957612e+03
6.900000793797281062e+01 2.199429884480304936e-02 1.200040681117942598e-01 6.000251344157472161e-02 1.693329295644065827e-10 9.499986509353096631e-01 3.272203377808957612e+03
6.900000573326875042e+01 2.199137826365921838e-02 1.200038679018788496e-01 6.000377098409739873e-02 -1.743648566987433139e-10 9.499989476082816298e-01 3.272203377808957612e+03
6.900002328131132856e+01 2.199382931919927758e-02 1.200044051667289169e-01 6.000434694423042309e-02 9.190783852857911463e-11 9.499984543652032487e-01 3.272203377808957612e+03
6.900001975086151162e+01 2.199858759168885763e-02 1.200048816623028869e-01 6.000266203998787240e-02 7.711969759512457897e-11 9.499986749493852800e-01 3.272203377808957612e+03
6.900000032583322707e+01 2.199879844359871675e-02 1.200057285230393539e-01 6.000085281980357260e-02 -8.897995332476977624e-12 9.499987843853628933e-01 3.272203377808957612e+03
6.899999350085025185e+01 2.199681197598267468e-02 1.200067999425402099e-01 6.000047832330110409e-02 -3.205452762515037943e-11 9.499985288225604174e-01 3.272203377808957612e+03
6.900000067032125628e+01 2.199776966172585849e-02 1.200065374204342811e-01 6.000187292925003579e-02 7.912375786665986286e-10 9.499990277187022603e-01 3.272203377808957612e+03
6.900001243032933473e+01 2.199442951294953638e-02 1.200070667149551185e-01 6.000210563003953446e-02 9.965658719571010672e-10 9.499980712148677897e-01 3.272203377808957612e+03
6.900001541697702123e+01 2.199763331455075258e-02 1.200067656339287026e-01 6.000063272376496282e-02 1.329783431164113310e-09 9.499983330783842161e-01 3.272203377808957612e+03
6.900002672869864284e+01 2.199563045825116830e-02 1.200065750736896003e-01 6.000474078286803514e-02 1.071039213359095321e-09 9.499987052677043575e-01 3.272203377808957612e+03
6.900003373340852875e+01 2.199397370695960197e-02 1.200056783874395294e-01 6.000268828497401508e-02 8.723765535199227297e-10 9.499990382774942121e-01 3.272203377808957612e+03
6.900003483711299168e+01 2.199191533029665538e-02 1.200044049917155936e-01 6.000364364986147947e-02 8.800018877893553707e-10 9.499996886603523372e-01 3.272203377808957612e+03
6.900001482608456627e+01 2.199390364032491677e-02 1.200042075258519192e-01 6.000346654178406042e-02 2.478880863195781826e-10 9.500007787443476293e-01 3.272203377808957612e+03
6.900002052340114744e+01 2.199458324724698141e-02 1.200051029644670364e-01 6.000171127068612553e-02 5.635683052678495054e-12 9.500002165696754819e-01 3.272203377808957612e+03
6.900002481086487194e+01 2.199291707944002472e-02 1.200044857289549044e-01 5.999984456533377641e-02 -2.774815529005895561e-10 9.500007700892414420e-01 3.272203377808957612e+03
6.900003739911565503e+01 2.199011899422766841e-02 1.200035541361748337e-01 6.000015636322521273e-02 1.273070949003024356e-10 9.500009808395984967e-01 3.272203377808957612e+03
6.900006453461486444e+01 2.199425891880491674e-02 1.200027690489620519e-01 5.999887484086081219e-02 -6.607962507356355798e-10 9.500008360939077301e-01 3.272203377808957612e+03
6.900007246968381480e+01 2.199318925983988551e-02 1.200020296964474237e-01 5.999929720463192950e-02 -6.696062071285425905e-10 9.500005061693497233e-01 3.272203377808957612e+03
6.900010521357140192e+01 2.199241233010075861e-02 1.200037316426950662e-01 6.000096539454394251e-02 -8.084364487888491342e-10 9.500003985963203501e-01 3.272203377808957612e+03
6.900010843034698382e+01 2.199360731138682093e-02 1.200050531865233944e-01 6.000003583138785457e-02 -3.379628726061232038e-10 9.499995874125527484e-01 3.272203377808957612e+03
6.900011043693298518e+01 2.199551097213808121e-02 1.200041363344596240e-01 5.999943458742473118e-02 -4.052674515548497444e-10 9.500008344684032213e-01 3.272203377808957612e+03
6.900011260510808597e+01 2.199586722997484353e-02 1.200044838867290187e-01 5.999864395476976753e-02 -3.705673891060048544e-10 9.500009695364975970e-01 3.272203377808957612e+03
6.900010472915855075e+01 2.199328808348601991e-02 1.200044681342617853e-01 5.999718782860088279e-02 -5.235076526320550637e-10 9.499998162075274921e-01 3.272203377808957612e+03
6.900011194415023397e+01 2.199261726732571268e-02 1.200048104399272508e-01 5.999505874115751425e-02 -7.327237439660272985e-10 9.500003859451346955e-01 3.272203377808957612e+03
6.900010128444655777e+01 2.198965184617032373e-02 1.200054149910731449e-01 5.999472715266110368e-02 -5.240856576371119465e-10 9.499999200101265640e-01 3.272203377808957612e+03
6.900010012618650990e+01 2.198837036156334884e-02 1.200050751545755218e-01 5.999142063251190066e-02 -4.621508791169921333e-10 9.499996035456146348e-01 3.272203377808957612e+03
6.900010318911557761e+01 2.198909361185060959e-02 1.200046027476390081e-01 5.999354126714955687e-02 2.264766174827928905e-10 9.499987324894374474e-01 3.272203377808957612e+03
6.900009092797760957e+01 2.198995676332544599e-02 1.200049301512483430e-01 5.999300888324327757e-02 2.964651829179630990e-10 9.499995829552598803e-01 3.272203377808957612e+03
6.900010064455011616e+01 2.198721953720050165e-02 1.200057941139749257e-01 5.999484111003130365e-02 -7.678653853908720738e-11 9.499993688220170762e-01 3.272203377808957612e+03
6.900008586509710540e+01 2.198785298599024648e-02 1.200046030951050779e-01 5.999641968611925391e-02 1.408502721743081376e-10 9.499995468514841335e-01 3.272203377808957612e+03
6.900009445979817713e+01 2.198774886853312877e-02 1.200045321074115073e-01 5.999740880591987457e-02 7.390756724128645890e-10 9.500003604751831032e-01 3.272203377808957612e+03
6.900009133724083199e+01 2.198263636993490894e-02 1.200040405307130215e-01 5.999937846385549473e-02 8.085770223275848881e-10 9.499997185295141477e-01 3.272203377808957612e+03
6.900010554476949665e+01 2.197621579701190819e-02 1.200040501888094135e-01 6.000059086448756435e-02 5.660706656128629295e-10 9.499997312564584240e-01 3.272203377808957612e+03
6.900009315765257156e+01 2.197717115982222857e-02 1.200039371998797982e-01 6.000403723302834974e-02 8.739849770614362938e-10 9.499995302936246055e-01 3.272203377808957612e+03
6.900008986361109464e+01 2.197740578458400734e-02 1.200042161949596703e-01 6.000778832880714064e-02 5.069078584018544246e-10 9.499988802803781551e-01 3.272203377808957612e+03
6.900009414215756465e+01 2.198094516408265892e-02 1.200054773806529945e-01 6.000836168067092552e-02 1.062070399871450298e-09 9.499990382728354943e-01 3.272203377808957612e+03
6.900009483332776483e+01 2.198134016993472106e-02 1.200057394209728401e-01 6.000584284976765576e-02 1.364465516860736296e-09 9.499989146480073421e-01 3.272203377808957612e+03
6.900009815805807989e+01 2.197952030855112107e-02 1.200068921111813458e-01 6.000473097417469842e-02 1.144069606410518264e-09 9.499994541184232366e-01 3.272203377808957612e+03
