6.900000000000000000e+01 2.199999999999999872e-02 1.199999999999999956e-01 5.999999999999999778e-02 2.100000000000000193e-09 9.499999999999999556e-01 3.272203377808957612e+03
6.900001503618950949e+01 2.199695138241552356e-02 1.200000109893512301e-01 5.999873332013748450e-02 2.146172316857677171e-09 9.499998393526941642e-01 3.272203377808957612e+03
6.900000203886942529e+01 2.200178935516048859e-02 1.200004473688291162e-01 6.000013006802199650e-02 2.632654670573758035e-09 9.500002258130120225e-01 3.272203377808957612e+03
6.899998330657348333e+01 2.200018354930569769e-02 1.200008824730670054e-01 6.000269521369729075e-02 2.885934343896413677e-09 9.500017577701022065e-01 3.272203377808957612e+03
6.899996926130540942e+01 2.199954099430741217e-02 1.200008915911113527e-01 6.000622431699807746e-02 3.431607503650718963e-09 9.500013102431026368e-01 3.272203377808957612e+03
6.899998725269593081e+01 2.200086085439083641e-02 1.199997908680472125e-01 6.000745556647520823e-02 4.044519163831224722e-09 9.500010059834979037e-01 3.272203377808957612e+03
6.899999188688870788e+01 2.199806129026505783e-02 1.200005204698671168e-01 6.001012583372924286e-02 4.580516152812137216e-09 9.500017516318508548e-01 3.272203377808957612e+03
6.899996863299416816e+01 2.200024119792794164e-02 1.200016310299000244e-01 6.001111209784977529e-02 4.768769049054332766e-09 9.500020622211924337e-01 3.272203377808957612e+03
6.899998630049202575e+01 2.200153312842620043e-02 1.200000927230600728e-01 6.001051591592941603e-02 4.600885451135340978e-09 9.500017378435733351e-01 3.272203377808957612e+03
6.899998478179000472e+01 2.199958077930371306e-02 1.200003419773626734e-01 6.001142668179486328e-02 4.319353284826412873e-09 9.500019575018903151e-01 3.272203377808957612e+03
