6.982878237174453773e+01 2.254683275440172441e-02 1.140568276674929493e-01 8.664148527826019686e-02 2.197129276945883266e-09 9.837795061199395841e-01 2.583145344913976260e+03
6.982878237174453773e+01 2.254683275440172441e-02 1.140568276674929493e-01 8.664148527826019686e-02 2.197129276945883266e-09 9.837795061199395841e-01 2.583145344913976260e+03
6.982033739524575822e+01 2.255555996987506501e-02 1.141112406269950003e-01 9.389513332990001571e-02 2.228005446979480757e-09 9.833299519129975463e-01 2.584909554262903384e+03
6.987541793776935606e+01 2.254046335216384339e-02 1.141003921268375632e-01 8.199919129020465103e-02 2.179600753187827969e-09 9.821357508696538785e-01 2.582317061550554172e+03
6.987541793776935606e+01 2.254046335216384339e-02 1.141003921268375632e-01 8.199919129020465103e-02 2.179600753187827969e-09 9.821357508696538785e-01 2.582317061550554172e+03
6.953487782678340068e+01 2.258051520417048846e-02 1.149986700210497981e-01 7.856304550033556267e-02 2.169890660120041571e-09 9.807914343347122754e-01 2.580700382603229173e+03
6.953487782678340068e+01 2.258051520417048846e-02 1.149986700210497981e-01 7.856304550033556267e-02 2.169890660120041571e-09 9.807914343347122754e-01 2.580700382603229173e+03
6.967818080067428355e+01 2.259617357244139355e-02 1.145180388570817553e-01 9.048413627159117290e-02 2.219023353684157280e-09 9.826340415495494751e-01 2.580441632601275160e+03
6.937473452496300297e+01 2.259259950161850161e-02 1.150880696127083158e-01 9.556962954728406845e-02 2.241698150321753461e-09 9.793432924807637940e-01 2.584206704625100429e+03
6.937473452496300297e+01 2.259259950161850161e-02 1.150880696127083158e-01 9.556962954728406845e-02 2.241698150321753461e-09 9.793432924807637940e-01 2.584206704625100429e+03
6.924362567073501395e+01 2.256664130601427481e-02 1.152931980302583093e-01 8.382492304665940808e-02 2.192257858535219903e-09 9.786179193963019385e-01 2.582451890082542377e+03
6.920431337284026085e+01 2.256602971179681727e-02 1.154527021659737945e-01 8.230101383868514142e-02 2.186752925885381272e-09 9.776941302097901243e-01 2.582821378450610155e+03
6.910821924421652795e+01 2.257239988413933460e-02 1.158548662216931646e-01 8.405821370600601028e-02 2.196063467714468445e-09 9.778929118012901212e-01 2.582517158958244181e+03
6.910821924421652795e+01 2.257239988413933460e-02 1.158548662216931646e-01 8.405821370600601028e-02 2.196063467714468445e-09 9.778929118012901212e-01 2.582517158958244181e+03
6.910821924421652795e+01 2.257239988413933460e-02 1.158548662216931646e-01 8.405821370600601028e-02 2.196063467714468445e-09 9.778929118012901212e-01 2.582517158958244181e+03
6.907648093870862738e+01 2.257813605398055826e-02 1.156882570414630440e-01 8.559509218625989402e-02 2.200918006777996593e-09 9.790552011166840929e-01 2.582827877849688775e+03
6.913143424550368366e+01 2.253317554714407908e-02 1.155199364921194877e-01 7.815317357828088785e-02 2.166804791746918641e-09 9.786345363154657084e-01 2.584735583588585541e+03
6.913143424550368366e+01 2.253317554714407908e-02 1.155199364921194877e-01 7.815317357828088785e-02 2.166804791746918641e-09 9.786345363154657084e-01 2.584735583588585541e+03
6.913143424550368366e+01 2.253317554714407908e-02 1.155199364921194877e-01 7.815317357828088785e-02 2.166804791746918641e-09 9.786345363154657084e-01 2.584735583588585541e+03
6.934853375521645091e+01 2.250689101401243467e-02 1.148721656288315546e-01 7.200671032798011684e-02 2.137939750044327869e-09 9.797734785411046365e-01 2.584278011240065098e+03
6.961761644861864795e+01 2.249676738810292564e-02 1.143220425925911693e-01 7.410808048232180034e-02 2.145114274664565820e-09 9.808472260177573121e-01 2.583737481483062766e+03
6.950450936903922639e+01 2.249438558722306400e-02 1.147788506166066286e-01 7.095946616344818436e-02 2.133364007565065695e-09 9.802132883906238270e-01 2.584937190045781790e+03
6.980238666934023684e+01 2.250085715906186348e-02 1.140943808208859794e-01 7.169973326685105675e-02 2.134512146790424004e-09 9.831181547470070337e-01 2.582803309765126414e+03
6.965184945316002540e+01 2.251699240238534683e-02 1.146598789758291742e-01 6.096590262156437179e-02 2.092871836254323484e-09 9.816011895997461822e-01 2.583304329504474481e+03
6.965184945316002540e+01 2.251699240238534683e-02 1.146598789758291742e-01 6.096590262156437179e-02 2.092871836254323484e-09 9.816011895997461822e-01 2.583304329504474481e+03
6.965184945316002540e+01 2.251699240238534683e-02 1.146598789758291742e-01 6.096590262156437179e-02 2.092871836254323484e-09 9.816011895997461822e-01 2.583304329504474481e+03
6.965184945316002540e+01 2.251699240238534683e-02 1.146598789758291742e-01 6.096590262156437179e-02 2.092871836254323484e-09 9.816011895997461822e-01 2.583304329504474481e+03
6.997035644339786131e+01 2.253111651375086510e-02 1.138360178850785220e-01 7.419578466467363631e-02 2.145870005017055715e-09 9.838580824539915337e-01 2.581735236177501974e+03
6.982506241161784999e+01 2.252410521456413642e-02 1.142454108968369436e-01 7.471306294024429584e-02 2.148397676544975510e-09 9.830681032283800080e-01 2.582777658410626827e+03
6.980156963376688850e+01 2.252332257642180452e-02 1.142215721305611803e-01 8.408499273848174527e-02 2.187025079397284409e-09 9.832956083355262056e-01 2.583517934883948328e+03
6.980156963376688850e+01 2.252332257642180452e-02 1.142215721305611803e-01 8.408499273848174527e-02 2.187025079397284409e-09 9.832956083355262056e-01 2.583517934883948328e+03
6.980156963376688850e+01 2.252332257642180452e-02 1.142215721305611803e-01 8.408499273848174527e-02 2.187025079397284409e-09 9.832956083355262056e-01 2.583517934883948328e+03
6.991913667428890733e+01 2.250846876266201363e-02 1.141029788207913731e-01 6.778420016323292996e-02 2.119557343591331818e-09 9.834828010580929369e-01 2.583162000366606662e+03
6.991395817537849666e+01 2.250552590472187225e-02 1.140837222432807690e-01 6.907017603823029095e-02 2.125766187087270392e-09 9.829619247419471018e-01 2.582348259419654823e+03
6.991395817537849666e+01 2.250552590472187225e-02 1.140837222432807690e-01 6.907017603823029095e-02 2.125766187087270392e-09 9.829619247419471018e-01 2.582348259419654823e+03
6.991395817537849666e+01 2.250552590472187225e-02 1.140837222432807690e-01 6.907017603823029095e-02 2.125766187087270392e-09 9.829619247419471018e-01 2.582348259419654823e+03
6.984457885236366792e+01 2.251456223301886647e-02 1.142665487740074648e-01 7.137980881606753591e-02 2.136865078564253809e-09 9.827339731094717479e-01 2.581498763240193966e+03
6.984457885236366792e+01 2.251456223301886647e-02 1.142665487740074648e-01 7.137980881606753591e-02 2.136865078564253809e-09 9.827339731094717479e-01 2.581498763240193966e+03
6.973654766166136199e+01 2.254969329296023853e-02 1.144256848448673564e-01 6.838812011845873950e-02 2.127595230438213430e-09 9.817876039702184698e-01 2.580195557310476033e+03
6.985353396487900568e+01 2.255651538145921411e-02 1.141171038581147990e-01 7.392803369964896787e-02 2.150849153008427360e-09 9.821951567371831615e-01 2.580213812126893572e+03
6.987166255026029660e+01 2.253038437577151859e-02 1.140592842227833026e-01 7.250879037937310589e-02 2.143306345905189812e-09 9.819396223897822740e-01 2.580102510350787270e+03
6.987166255026029660e+01 2.253038437577151859e-02 1.140592842227833026e-01 7.250879037937310589e-02 2.143306345905189812e-09 9.819396223897822740e-01 2.580102510350787270e+03
6.974989328979981451e+01 2.258180056995384710e-02 1.145939551478821206e-01 7.964234770815427356e-02 2.176732571476506911e-09 9.825918268930030619e-01 2.579999875160273859e+03
6.963655848007176985e+01 2.259160634674948001e-02 1.148412498847639768e-01 7.636651733836011258e-02 2.164243033961725728e-09 9.817466425186714973e-01 2.579831502252205610e+03
6.944110690033748767e+01 2.258302597752444990e-02 1.155722595798387431e-01 7.015912483131814259e-02 2.140961496496165992e-09 9.800297652205210985e-01 2.580050078528256563e+03
6.944110690033748767e+01 2.258302597752444990e-02 1.155722595798387431e-01 7.015912483131814259e-02 2.140961496496165992e-09 9.800297652205210985e-01 2.580050078528256563e+03
6.944110690033748767e+01 2.258302597752444990e-02 1.155722595798387431e-01 7.015912483131814259e-02 2.140961496496165992e-09 9.800297652205210985e-01 2.580050078528256563e+03
6.934431723946204329e+01 2.256744387098855512e-02 1.157715560806238109e-01 6.771358449039527327e-02 2.132831483794364677e-09 9.779207160215445116e-01 2.579462459805507024e+03
6.934431723946204329e+01 2.256744387098855512e-02 1.157715560806238109e-01 6.771358449039527327e-02 2.132831483794364677e-09 9.779207160215445116e-01 2.579462459805507024e+03
6.946119070484172653e+01 2.256319412241902106e-02 1.152648779667751339e-01 6.857828514531162656e-02 2.133137909972325363e-09 9.782592345357240537e-01 2.579246275969411727e+03
6.946119070484172653e+01 2.256319412241902106e-02 1.152648779667751339e-01 6.857828514531162656e-02 2.133137909972325363e-09 9.782592345357240537e-01 2.579246275969411727e+03
6.946119070484172653e+01 2.256319412241902106e-02 1.152648779667751339e-01 6.857828514531162656e-02 2.133137909972325363e-09 9.782592345357240537e-01 2.579246275969411727e+03
6.928740091604848317e+01 2.254346848377961759e-02 1.156074484743675468e-01 6.233695761696379095e-02 2.108994798296685454e-09 9.772697405048711428e-01 2.579082841173198631e+03
6.939211322793859438e+01 2.255502253662187637e-02 1.150917087457464100e-01 6.834738529881415059e-02 2.131055899372390583e-09 9.787888100636825683e-01 2.578953494543338820e+03
6.954933435362934802e+01 2.253485510282931398e-02 1.148407723878550335e-01 6.945074720199437279e-02 2.135031071448697064e-09 9.791366313984910530e-01 2.579021367643877966e+03
6.959716958249165941e+01 2.256029192072624145e-02 1.148721096103623995e-01 9.716421168020919485e-02 2.252238466973757742e-09 9.803878966800096961e-01 2.579508821437537335e+03
6.939580038771607917e+01 2.256491468693550689e-02 1.154834493652171085e-01 9.150169483006391491e-02 2.228945423916247018e-09 9.806761364543393755e-01 2.580206690056401385e+03
6.939580038771607917e+01 2.256491468693550689e-02 1.154834493652171085e-01 9.150169483006391491e-02 2.228945423916247018e-09 9.806761364543393755e-01 2.580206690056401385e+03
6.909503327947744822e+01 2.256255243324567505e-02 1.164156039511849844e-01 9.424838440296465225e-02 2.244204710662292763e-09 9.776580185080961938e-01 2.584919636027419983e+03
6.908974738327582088e+01 2.257253483056686355e-02 1.162762250671416919e-01 8.455520223018825332e-02 2.201350482309081836e-09 9.771491312687479169e-01 2.583302265151735810e+03
6.884151401177524576e+01 2.257272386913334455e-02 1.169424575350372641e-01 8.013028920268791544e-02 2.186435976350516806e-09 9.741979998430244647e-01 2.584916191756756234e+03
6.882415908563538665e+01 2.257633246402852151e-02 1.168557697294072134e-01 8.491137301793115488e-02 2.205136062045654384e-09 9.762858915028600482e-01 2.583335270191121708e+03
6.835357392443889069e+01 2.261619749633080392e-02 1.182032878663558800e-01 8.057887419118213435e-02 2.195204241537826258e-09 9.722185421747163714e-01 2.583861635290848426e+03
6.835357392443889069e+01 2.261619749633080392e-02 1.182032878663558800e-01 8.057887419118213435e-02 2.195204241537826258e-09 9.722185421747163714e-01 2.583861635290848426e+03
6.839516657048399395e+01 2.260613994656602080e-02 1.182930475626542965e-01 7.188791442640969642e-02 2.159475920704522646e-09 9.724068803111240999e-01 2.583169788945068831e+03
6.813917933617970846e+01 2.261470065171749741e-02 1.189474477017934406e-01 6.269843486024363755e-02 2.124551875565223108e-09 9.709512906231519969e-01 2.583040758799111245e+03
6.813917933617970846e+01 2.261470065171749741e-02 1.189474477017934406e-01 6.269843486024363755e-02 2.124551875565223108e-09 9.709512906231519969e-01 2.583040758799111245e+03
6.818173296684014417e+01 2.260485723847289324e-02 1.187432325060860938e-01 6.260008503694533544e-02 2.122870748807166227e-09 9.709880517621989338e-01 2.582809123970696874e+03
6.797730697807307365e+01 2.262585044265849263e-02 1.193771976856465855e-01 6.566918966100733501e-02 2.138754551588962346e-09 9.703407161498575073e-01 2.583908328064019770e+03
6.797730697807307365e+01 2.262585044265849263e-02 1.193771976856465855e-01 6.566918966100733501e-02 2.138754551588962346e-09 9.703407161498575073e-01 2.583908328064019770e+03
6.812824333052058989e+01 2.265168763723651724e-02 1.187521752908007738e-01 7.300689097526025240e-02 2.167446245855044728e-09 9.727495947349861227e-01 2.581384770140607543e+03
6.806122869464533665e+01 2.263878928351648404e-02 1.190534696484349814e-01 6.418801812451123412e-02 2.131113331617161509e-09 9.721301117458851504e-01 2.582259812923818117e+03
6.813456933894921974e+01 2.262925509037470514e-02 1.185720507666244983e-01 7.863518868123874073e-02 2.190041560640390346e-09 9.713752533808888145e-01 2.581710797628565615e+03
6.828513809030046389e+01 2.262108246893097807e-02 1.179214487020967261e-01 6.776119913956274443e-02 2.139797276363319746e-09 9.727927325897024469e-01 2.581157867427599740e+03
6.864664465545315863e+01 2.256577771848236602e-02 1.168212576281525833e-01 7.130746686623776198e-02 2.147722481215347510e-09 9.748717498953648475e-01 2.581216263126048034e+03
6.868454511748255698e+01 2.255461918967368098e-02 1.164307900946613544e-01 7.770250773175896297e-02 2.171826605549549443e-09 9.750594140464061699e-01 2.583337270779623850e+03
6.868454511748255698e+01 2.255461918967368098e-02 1.164307900946613544e-01 7.770250773175896297e-02 2.171826605549549443e-09 9.750594140464061699e-01 2.583337270779623850e+03
6.868454511748255698e+01 2.255461918967368098e-02 1.164307900946613544e-01 7.770250773175896297e-02 2.171826605549549443e-09 9.750594140464061699e-01 2.583337270779623850e+03
6.868454511748255698e+01 2.255461918967368098e-02 1.164307900946613544e-01 7.770250773175896297e-02 2.171826605549549443e-09 9.750594140464061699e-01 2.583337270779623850e+03
6.887919048782200093e+01 2.259502273955323048e-02 1.160583033434146594e-01 7.621388737336204366e-02 2.164733713115621699e-09 9.773166951594101093e-01 2.581700898622319528e+03
6.930205285338401211e+01 2.257016768652164371e-02 1.146455312068734717e-01 7.942286214931655597e-02 2.170542570166450148e-09 9.807867907435110499e-01 2.584483860027950868e+03
6.930205285338401211e+01 2.257016768652164371e-02 1.146455312068734717e-01 7.942286214931655597e-02 2.170542570166450148e-09 9.807867907435110499e-01 2.584483860027950868e+03
6.942119958115868883e+01 2.259017776513927780e-02 1.144921003946169080e-01 8.337689713457857588e-02 2.187691877062366510e-09 9.820825067214583592e-01 2.583930269983113249e+03
6.944682105256237037e+01 2.257924654132125244e-02 1.143145805738185333e-01 8.669123078238197277e-02 2.200977707296240968e-09 9.809226018241365974e-01 2.583944746846473208e+03
6.944682105256237037e+01 2.257924654132125244e-02 1.143145805738185333e-01 8.669123078238197277e-02 2.200977707296240968e-09 9.809226018241365974e-01 2.583944746846473208e+03
6.944682105256237037e+01 2.257924654132125244e-02 1.143145805738185333e-01 8.669123078238197277e-02 2.200977707296240968e-09 9.809226018241365974e-01 2.583944746846473208e+03
6.930733169113752012e+01 2.258005863280785133e-02 1.146389698052420608e-01 6.950672599163845722e-02 2.132483153002252274e-09 9.779199798826455625e-01 2.583710637725840570e+03
6.899770724960461621e+01 2.262299905602346492e-02 1.154878441418139973e-01 7.640846083998677207e-02 2.167567893423610497e-09 9.755114000067525160e-01 2.583424481127804938e+03
6.907428687081294072e+01 2.260720621469403460e-02 1.153743514848376700e-01 7.576027312726689444e-02 2.165010588775496926e-09 9.760136189796123629e-01 2.582144074699446719e+03
6.907428687081294072e+01 2.260720621469403460e-02 1.153743514848376700e-01 7.576027312726689444e-02 2.165010588775496926e-09 9.760136189796123629e-01 2.582144074699446719e+03
6.907428687081294072e+01 2.260720621469403460e-02 1.153743514848376700e-01 7.576027312726689444e-02 2.165010588775496926e-09 9.760136189796123629e-01 2.582144074699446719e+03
6.916471187756179972e+01 2.261306198058323294e-02 1.150458721613911717e-01 8.215799962821132563e-02 2.191548159435539414e-09 9.775445498687282964e-01 2.584105426377564982e+03
6.889904040759972759e+01 2.258727696786348715e-02 1.157795199239515099e-01 6.188911252540252317e-02 2.108385426463598264e-09 9.744836318644455320e-01 2.582581718278986045e+03
6.913770707369367585e+01 2.257895628210154423e-02 1.150913793158887394e-01 7.347446829904144550e-02 2.153708806072259289e-09 9.769269426369333598e-01 2.582909190594232768e+03
6.941367147924196956e+01 2.256562575062261850e-02 1.145139522847699043e-01 6.897218685017438011e-02 2.132619457936580278e-09 9.786042831836259115e-01 2.582841079748029188e+03
6.907688543358270294e+01 2.256345277051437920e-02 1.150533655086724838e-01 6.368579555395369185e-02 2.112671759990744974e-09 9.747119569401861972e-01 2.585336130208002032e+03
6.907688543358270294e+01 2.256345277051437920e-02 1.150533655086724838e-01 6.368579555395369185e-02 2.112671759990744974e-09 9.747119569401861972e-01 2.585336130208002032e+03
6.907688543358270294e+01 2.256345277051437920e-02 1.150533655086724838e-01 6.368579555395369185e-02 2.112671759990744974e-09 9.747119569401861972e-01 2.585336130208002032e+03
6.889474413550017573e+01 2.256791056994139275e-02 1.154516845780372142e-01 6.994663686435133310e-02 2.138473990801720975e-09 9.748820500953683243e-01 2.585262320910950621e+03
6.883762617377806237e+01 2.260759392398641043e-02 1.156233426608142684e-01 6.974444711346534931e-02 2.138582420117120397e-09 9.763157384325212851e-01 2.587023613952752839e+03
