6.927437405559668093e+01 2.268951620648334069e-02 1.157842130221652943e-01 1.018776197480428108e-01 2.281330467595682757e-09 9.791613740328558579e-01 2.579074555952533046e+03
6.927751956983624382e+01 2.267697513683746696e-02 1.159057218274601869e-01 9.197391822502455627e-02 2.238759439734482280e-09 9.796369227874897057e-01 2.579539198071771807e+03
6.927751956983624382e+01 2.267697513683746696e-02 1.159057218274601869e-01 9.197391822502455627e-02 2.238759439734482280e-09 9.796369227874897057e-01 2.579539198071771807e+03
6.945038869449993513e+01 2.266930856208096770e-02 1.153900683602592653e-01 9.710281323863362291e-02 2.259305501087350360e-09 9.805140828456321289e-01 2.579406972734388546e+03
6.959037574834567863e+01 2.262438940137134757e-02 1.149780341345579410e-01 8.910772700571939486e-02 2.221993641010151494e-09 9.812164133788511267e-01 2.579417605623477812e+03
6.970228406296423884e+01 2.262241076618420194e-02 1.146469795857723434e-01 1.027536650370818871e-01 2.277042361569075590e-09 9.834047449045392186e-01 2.579764694947328735e+03
6.946395858336951790e+01 2.263444763241512572e-02 1.153750743944387119e-01 8.746623762493239973e-02 2.220316361376162558e-09 9.788318337997198304e-01 2.579727298664754926e+03
6.936664399604728715e+01 2.265961725191752152e-02 1.156252882404714966e-01 9.698867368880956241e-02 2.262035438154457205e-09 9.788432352610257903e-01 2.578824392450011146e+03
6.936664399604728715e+01 2.265961725191752152e-02 1.156252882404714966e-01 9.698867368880956241e-02 2.262035438154457205e-09 9.788432352610257903e-01 2.578824392450011146e+03
6.936664399604728715e+01 2.265961725191752152e-02 1.156252882404714966e-01 9.698867368880956241e-02 2.262035438154457205e-09 9.788432352610257903e-01 2.578824392450011146e+03
6.936664399604728715e+01 2.265961725191752152e-02 1.156252882404714966e-01 9.698867368880956241e-02 2.262035438154457205e-09 9.788432352610257903e-01 2.578824392450011146e+03
6.936664399604728715e+01 2.265961725191752152e-02 1.156252882404714966e-01 9.698867368880956241e-02 2.262035438154457205e-09 9.788432352610257903e-01 2.578824392450011146e+03
6.941351157320997345e+01 2.262496433695669260e-02 1.154146359964438873e-01 8.722727575062821925e-02 2.219803869706572773e-09 9.779447245593889670e-01 2.579299629319875294e+03
6.908442097271530713e+01 2.261258463653762971e-02 1.162280954804289501e-01 9.288245445639525810e-02 2.247298544733213486e-09 9.733495049296678747e-01 2.578658250709897402e+03
6.904592505769255695e+01 2.267672241976118053e-02 1.161603599032311196e-01 1.018889528358499497e-01 2.285428945405362952e-09 9.760314403474587008e-01 2.578772819970181445e+03
6.911117955639876698e+01 2.266503192056287808e-02 1.158960745774643419e-01 9.529941856196397221e-02 2.254978516243788582e-09 9.766579378460547023e-01 2.579048060961912142e+03
6.901659222642663849e+01 2.267103424464035621e-02 1.162719852679262172e-01 9.456768831290700283e-02 2.253696679121894716e-09 9.749018103152354842e-01 2.578484888627341206e+03
6.907624264469335174e+01 2.267056695553574044e-02 1.161732307843286460e-01 8.848436325544743741e-02 2.230193348912559789e-09 9.734372119200381812e-01 2.579420309742964491e+03
6.905533214038960921e+01 2.268861063590764740e-02 1.160650595648333172e-01 9.691252302885704217e-02 2.265231268115274470e-09 9.745427182619651463e-01 2.579733995297645833e+03
6.905533214038960921e+01 2.268861063590764740e-02 1.160650595648333172e-01 9.691252302885704217e-02 2.265231268115274470e-09 9.745427182619651463e-01 2.579733995297645833e+03
6.913234929335830259e+01 2.270223116547092843e-02 1.160014328735849420e-01 1.100389222642711162e-01 2.320648316822783351e-09 9.755623791362652009e-01 2.579781430171136890e+03
6.898619593568182040e+01 2.271466122888349606e-02 1.162065471015034657e-01 1.022168613108436347e-01 2.289438731578496184e-09 9.746544174006196437e-01 2.580810566654136437e+03
6.883385737968528417e+01 2.270968236793600298e-02 1.166051301530640905e-01 1.087346427349924483e-01 2.319241618227539847e-09 9.725112956294325040e-01 2.581607813846915633e+03
6.883385737968528417e+01 2.270968236793600298e-02 1.166051301530640905e-01 1.087346427349924483e-01 2.319241618227539847e-09 9.725112956294325040e-01 2.581607813846915633e+03
6.889185768301993562e+01 2.270627938934299817e-02 1.165381445981671649e-01 1.084348193788245429e-01 2.316642951429621717e-09 9.727711794357579711e-01 2.581552165922893437e+03
6.889185768301993562e+01 2.270627938934299817e-02 1.165381445981671649e-01 1.084348193788245429e-01 2.316642951429621717e-09 9.727711794357579711e-01 2.581552165922893437e+03
6.880577566031784897e+01 2.267317706808058206e-02 1.169543270523301232e-01 9.939005876862244682e-02 2.280180086128031728e-09 9.710323357173965553e-01 2.580598034099166398e+03
6.880577566031784897e+01 2.267317706808058206e-02 1.169543270523301232e-01 9.939005876862244682e-02 2.280180086128031728e-09 9.710323357173965553e-01 2.580598034099166398e+03
6.880577566031784897e+01 2.267317706808058206e-02 1.169543270523301232e-01 9.939005876862244682e-02 2.280180086128031728e-09 9.710323357173965553e-01 2.580598034099166398e+03
6.891549208871927590e+01 2.263746183662667874e-02 1.165611690321008836e-01 8.496766464947622111e-02 2.217361207943989333e-09 9.701865380683493134e-01 2.580848942727770009e+03
6.891549208871927590e+01 2.263746183662667874e-02 1.165611690321008836e-01 8.496766464947622111e-02 2.217361207943989333e-09 9.701865380683493134e-01 2.580848942727770009e+03
6.891549208871927590e+01 2.263746183662667874e-02 1.165611690321008836e-01 8.496766464947622111e-02 2.217361207943989333e-09 9.701865380683493134e-01 2.580848942727770009e+03
6.908236928854155678e+01 2.259192081253005857e-02 1.162662001730983413e-01 6.724195281512995725e-02 2.141220082203337133e-09 9.701184025551429224e-01 2.582789959369753888e+03
6.903484663501744478e+01 2.257964841335070166e-02 1.163285820266609927e-01 6.021064604050708341e-02 2.111244877838912962e-09 9.708175956491739145e-01 2.581975188972646720e+03
6.903484663501744478e+01 2.257964841335070166e-02 1.163285820266609927e-01 6.021064604050708341e-02 2.111244877838912962e-09 9.708175956491739145e-01 2.581975188972646720e+03
6.876505029345362630e+01 2.253767679882649755e-02 1.169020184185018962e-01 5.103123538101757284e-02 2.074016580722633570e-09 9.672212277276327486e-01 2.586701124331902065e+03
6.891885226690408217e+01 2.253402463448557838e-02 1.166427233336773950e-01 4.923592238333161786e-02 2.063521387338185018e-09 9.695543620701422283e-01 2.585315510991443261e+03
6.892795929462785409e+01 2.252189529661496187e-02 1.166530148012811657e-01 4.178350526220298011e-02 2.033189178895709078e-09 9.692556016917969197e-01 2.587331718139756049e+03
6.892795929462785409e+01 2.252189529661496187e-02 1.166530148012811657e-01 4.178350526220298011e-02 2.033189178895709078e-09 9.692556016917969197e-01 2.587331718139756049e+03
6.892795929462785409e+01 2.252189529661496187e-02 1.166530148012811657e-01 4.178350526220298011e-02 2.033189178895709078e-09 9.692556016917969197e-01 2.587331718139756049e+03
6.886861154792535444e+01 2.251580202710556228e-02 1.166516991605925785e-01 5.516591958816530888e-02 2.087787349620180032e-09 9.693735760394893708e-01 2.584600642844362483e+03
6.918633185067380964e+01 2.256920232765612447e-02 1.159628210719506891e-01 7.833911887752480208e-02 2.183127325116833950e-09 9.726219559333164622e-01 2.580240006715809614e+03
6.903388872502269180e+01 2.262238273257884472e-02 1.166846775247418755e-01 7.883948758891229369e-02 2.188843336458044103e-09 9.730371695237030050e-01 2.579454354079443874e+03
6.903388872502269180e+01 2.262238273257884472e-02 1.166846775247418755e-01 7.883948758891229369e-02 2.188843336458044103e-09 9.730371695237030050e-01 2.579454354079443874e+03
6.912352909610923746e+01 2.261347164708760182e-02 1.165213031857097598e-01 8.523519265653707599e-02 2.211369720061367681e-09 9.763662988508907681e-01 2.579582305955058928e+03
6.887265494918658248e+01 2.260413743989260135e-02 1.170644471384787305e-01 7.207002710768722897e-02 2.160366908743921425e-09 9.723092220722564516e-01 2.579946874416977607e+03
6.887265494918658248e+01 2.260413743989260135e-02 1.170644471384787305e-01 7.207002710768722897e-02 2.160366908743921425e-09 9.723092220722564516e-01 2.579946874416977607e+03
6.917902745157628885e+01 2.258287033200378352e-02 1.163123869246839581e-01 8.137063859697268864e-02 2.193400187787946278e-09 9.749456450535322061e-01 2.581399613647300612e+03
6.917281723871590771e+01 2.258751006835532649e-02 1.160183137889398697e-01 7.643651403801764166e-02 2.170961116163791238e-09 9.762306340915748448e-01 2.578301198712226324e+03
6.917281723871590771e+01 2.258751006835532649e-02 1.160183137889398697e-01 7.643651403801764166e-02 2.170961116163791238e-09 9.762306340915748448e-01 2.578301198712226324e+03
6.920623000908102540e+01 2.260287753645991507e-02 1.163165387810289469e-01 7.665145965343800327e-02 2.173536678938470455e-09 9.767466376667792716e-01 2.579745815132453117e+03
6.917593157354704658e+01 2.261230872228841074e-02 1.160499536398003073e-01 8.918117990362489644e-02 2.226095308158139667e-09 9.762747535231320883e-01 2.578353084525595023e+03
6.910788289116005956e+01 2.262832410215371085e-02 1.164083780076791280e-01 8.851959486773142149e-02 2.225937805972325903e-09 9.763125416134063039e-01 2.578310691059733927e+03
6.918197903837771889e+01 2.260523828723002421e-02 1.161880192041300913e-01 8.357920075635232038e-02 2.204183909328283411e-09 9.765627586001662808e-01 2.578055583726400073e+03
6.920511100185620990e+01 2.262708341805734144e-02 1.161845223531533106e-01 9.070911492342563498e-02 2.234761410825272844e-09 9.766615419726204506e-01 2.578306647397193501e+03
6.923528919418728833e+01 2.262007982901751563e-02 1.162087044461618396e-01 9.403215621535032653e-02 2.248890796702493626e-09 9.770510758254290495e-01 2.579059893057392401e+03
6.941052222416554685e+01 2.256099426941889086e-02 1.153855181471197949e-01 7.359908941223627932e-02 2.157753752777228999e-09 9.773656083864669109e-01 2.578411486470485215e+03
6.961419795192504978e+01 2.255101055281493599e-02 1.149307183836711238e-01 8.814081757678982054e-02 2.215533580234669406e-09 9.790808254471371486e-01 2.578950748759255475e+03
6.970220878468695958e+01 2.258086000717733632e-02 1.146411134054122205e-01 8.866193400569027938e-02 2.216819118979417127e-09 9.812175920104332372e-01 2.578487447100192185e+03
6.970220878468695958e+01 2.258086000717733632e-02 1.146411134054122205e-01 8.866193400569027938e-02 2.216819118979417127e-09 9.812175920104332372e-01 2.578487447100192185e+03
6.996022451077227799e+01 2.255731786475099684e-02 1.138536513225871794e-01 9.685973032766664881e-02 2.248243154836574936e-09 9.826044248401409886e-01 2.578875902628650692e+03
6.996022451077227799e+01 2.255731786475099684e-02 1.138536513225871794e-01 9.685973032766664881e-02 2.248243154836574936e-09 9.826044248401409886e-01 2.578875902628650692e+03
6.978283435305529281e+01 2.253559863378132647e-02 1.141955029596499749e-01 9.893717866474267819e-02 2.258938970492214465e-09 9.800201953164177082e-01 2.579029811622332545e+03
6.978283435305529281e+01 2.253559863378132647e-02 1.141955029596499749e-01 9.893717866474267819e-02 2.258938970492214465e-09 9.800201953164177082e-01 2.579029811622332545e+03
6.991443455014290009e+01 2.254659248992836595e-02 1.139692471132508766e-01 1.039318709578506833e-01 2.278389072936187828e-09 9.824334103700050891e-01 2.579431100818408595e+03
6.991443455014290009e+01 2.254659248992836595e-02 1.139692471132508766e-01 1.039318709578506833e-01 2.278389072936187828e-09 9.824334103700050891e-01 2.579431100818408595e+03
6.991443455014290009e+01 2.254659248992836595e-02 1.139692471132508766e-01 1.039318709578506833e-01 2.278389072936187828e-09 9.824334103700050891e-01 2.579431100818408595e+03
6.991443455014290009e+01 2.254659248992836595e-02 1.139692471132508766e-01 1.039318709578506833e-01 2.278389072936187828e-09 9.824334103700050891e-01 2.579431100818408595e+03
6.991443455014290009e+01 2.254659248992836595e-02 1.139692471132508766e-01 1.039318709578506833e-01 2.278389072936187828e-09 9.824334103700050891e-01 2.579431100818408595e+03
6.991443455014290009e+01 2.254659248992836595e-02 1.139692471132508766e-01 1.039318709578506833e-01 2.278389072936187828e-09 9.824334103700050891e-01 2.579431100818408595e+03
6.991443455014290009e+01 2.254659248992836595e-02 1.139692471132508766e-01 1.039318709578506833e-01 2.278389072936187828e-09 9.824334103700050891e-01 2.579431100818408595e+03
6.983356315831902350e+01 2.252995194287874328e-02 1.140925584327126124e-01 8.811953902082675372e-02 2.214718939878502277e-09 9.807727962241069575e-01 2.579247024144992338e+03
6.978057615320248885e+01 2.253425988211722047e-02 1.141181476775839504e-01 9.410858594482142403e-02 2.238781676935014625e-09 9.807433186113945212e-01 2.578405976318323610e+03
6.978057615320248885e+01 2.253425988211722047e-02 1.141181476775839504e-01 9.410858594482142403e-02 2.238781676935014625e-09 9.807433186113945212e-01 2.578405976318323610e+03
6.973501813690862150e+01 2.254905621816876218e-02 1.141401620600834832e-01 9.982450375554742517e-02 2.262983050452323159e-09 9.815243884927296047e-01 2.578617013632948328e+03
6.959625945686093473e+01 2.254055092616912004e-02 1.143939506760833641e-01 8.858069497007382831e-02 2.215162101566177028e-09 9.810537064279162278e-01 2.579181218552031169e+03
6.968735728300936216e+01 2.250461107859851040e-02 1.141683893138840528e-01 9.444048344832195463e-02 2.238302341874073730e-09 9.808103431594998867e-01 2.578700049611156828e+03
6.968735728300936216e+01 2.250461107859851040e-02 1.141683893138840528e-01 9.444048344832195463e-02 2.238302341874073730e-09 9.808103431594998867e-01 2.578700049611156828e+03
6.968735728300936216e+01 2.250461107859851040e-02 1.141683893138840528e-01 9.444048344832195463e-02 2.238302341874073730e-09 9.808103431594998867e-01 2.578700049611156828e+03
6.968735728300936216e+01 2.250461107859851040e-02 1.141683893138840528e-01 9.444048344832195463e-02 2.238302341874073730e-09 9.808103431594998867e-01 2.578700049611156828e+03
6.974029816243452728e+01 2.251873810054925290e-02 1.140573871097614739e-01 9.249901964648921115e-02 2.229614818577222135e-09 9.825831259122035366e-01 2.579364765606081164e+03
6.972575826982091485e+01 2.253189371556573242e-02 1.142114815238152586e-01 9.707791466842669026e-02 2.251453835468468299e-09 9.818040903540776743e-01 2.578524187453187096e+03
6.939672954619807399e+01 2.255283652124069615e-02 1.148991282495544497e-01 9.710739684375356562e-02 2.255116718251337531e-09 9.795292608183022720e-01 2.578235506389013608e+03
6.930169094825288312e+01 2.253330037019197346e-02 1.152781354796484775e-01 7.905070262723146168e-02 2.181909385556039510e-09 9.781352831520312430e-01 2.579075027525159385e+03
6.940646046306973460e+01 2.249857159030778375e-02 1.147680459263198532e-01 8.328787308667778833e-02 2.195948176168503756e-09 9.777004783751565009e-01 2.578575328403111143e+03
6.924365343804446127e+01 2.248409925919727867e-02 1.154065461185090485e-01 8.033206056638507453e-02 2.187790845591681352e-09 9.742457668765471812e-01 2.579197824538750865e+03
6.924365343804446127e+01 2.248409925919727867e-02 1.154065461185090485e-01 8.033206056638507453e-02 2.187790845591681352e-09 9.742457668765471812e-01 2.579197824538750865e+03
6.924365343804446127e+01 2.248409925919727867e-02 1.154065461185090485e-01 8.033206056638507453e-02 2.187790845591681352e-09 9.742457668765471812e-01 2.579197824538750865e+03
6.953449429765392154e+01 2.248506247960391918e-02 1.148074687209296868e-01 9.932211474125399175e-02 2.265412333195967988e-09 9.774400173779590473e-01 2.579292825631212509e+03
6.953449429765392154e+01 2.248506247960391918e-02 1.148074687209296868e-01 9.932211474125399175e-02 2.265412333195967988e-09 9.774400173779590473e-01 2.579292825631212509e+03
6.953449429765392154e+01 2.248506247960391918e-02 1.148074687209296868e-01 9.932211474125399175e-02 2.265412333195967988e-09 9.774400173779590473e-01 2.579292825631212509e+03
6.920231960258723802e+01 2.247519013294451556e-02 1.156227065519957464e-01 7.979381710101346448e-02 2.186369921207163630e-09 9.749318123864185726e-01 2.578324998695572958e+03
6.920231960258723802e+01 2.247519013294451556e-02 1.156227065519957464e-01 7.979381710101346448e-02 2.186369921207163630e-09 9.749318123864185726e-01 2.578324998695572958e+03
6.930624538865586715e+01 2.250129258843728414e-02 1.154125475248296284e-01 7.875911136377344857e-02 2.181444189890425574e-09 9.761994796344265479e-01 2.578091895608981758e+03
6.928228651789737569e+01 2.252008762187986818e-02 1.157397405067206037e-01 8.680792939812448372e-02 2.216520514134517236e-09 9.760466529755609244e-01 2.578312926408456406e+03
6.928228651789737569e+01 2.252008762187986818e-02 1.157397405067206037e-01 8.680792939812448372e-02 2.216520514134517236e-09 9.760466529755609244e-01 2.578312926408456406e+03
6.925756179466722529e+01 2.251021375148382422e-02 1.157883275112695232e-01 8.022649055346095515e-02 2.186707361894621641e-09 9.771756583220605474e-01 2.578191761578963906e+03
6.963515098788762714e+01 2.253288044421536754e-02 1.148630996157426337e-01 9.824138014851784007e-02 2.256559188849177344e-09 9.820056153948257816e-01 2.579872124312712913e+03
6.963515098788762714e+01 2.253288044421536754e-02 1.148630996157426337e-01 9.824138014851784007e-02 2.256559188849177344e-09 9.820056153948257816e-01 2.579872124312712913e+03
6.948743290218074264e+01 2.255214411916177386e-02 1.153721906687852211e-01 9.848891153033725865e-02 2.261606433509904386e-09 9.814331587759725917e-01 2.579431220760120596e+03
6.962742835158981336e+01 2.255269220327748778e-02 1.149058042975697885e-01 9.887495245078149753e-02 2.262710733404621718e-09 9.821612537568051859e-01 2.578778170050909466e+03
6.962742835158981336e+01 2.255269220327748778e-02 1.149058042975697885e-01 9.887495245078149753e-02 2.262710733404621718e-09 9.821612537568051859e-01 2.578778170050909466e+03
6.927744191721131983e+01 2.254984000493870031e-02 1.160958948650786804e-01 9.374627636928513363e-02 2.245920774233972306e-09 9.794635848967441216e-01 2.579745105758388945e+03
6.942548876484252673e+01 2.250622448424927438e-02 1.154517884824123874e-01 9.480220141429294978e-02 2.245005713667813551e-09 9.800587193148166953e-01 2.580032231225502983e+03
6.942548876484252673e+01 2.250622448424927438e-02 1.154517884824123874e-01 9.480220141429294978e-02 2.245005713667813551e-09 9.800587193148166953e-01 2.580032231225502983e+03
6.930799620775326275e+01 2.249801112434790529e-02 1.156239142648855800e-01 8.914362576647055780e-02 2.221777826764667293e-09 9.782900473107712935e-01 2.579307150934179845e+03
6.907450582007624007e+01 2.251350984249946355e-02 1.162431196855461812e-01 6.889839048902546281e-02 2.141145896425629871e-09 9.771383062521791230e-01 2.578337081952054177e+03
6.898663411802486678e+01 2.248024679740537671e-02 1.163420016062730877e-01 6.343786993244805716e-02 2.118110797353874952e-09 9.752601688346965725e-01 2.578582127883958492e+03
6.889590088581795158e+01 2.252469142534685442e-02 1.166458333474850451e-01 6.350867014346854578e-02 2.122074966095041118e-09 9.756393124842364095e-01 2.578605398115978005e+03
6.877003979515137644e+01 2.251181622369396312e-02 1.168213643748685776e-01 5.321576155459458585e-02 2.076911650565399585e-09 9.755522706259955878e-01 2.578818125012707696e+03
6.890404596485618072e+01 2.250518555782876629e-02 1.165131892502112021e-01 3.517029703766727522e-02 2.000139863215350177e-09 9.756804277939679082e-01 2.582211832805381619e+03
6.890404596485618072e+01 2.250518555782876629e-02 1.165131892502112021e-01 3.517029703766727522e-02 2.000139863215350177e-09 9.756804277939679082e-01 2.582211832805381619e+03
6.894751339513337030e+01 2.252206653263956471e-02 1.163504585979212441e-01 6.048905866402241871e-02 2.106365424340684759e-09 9.757443979811801782e-01 2.578278926626817338e+03
6.869975057943263153e+01 2.256661460164455582e-02 1.171134820378453567e-01 7.177334474735283520e-02 2.156103734307850233e-09 9.749437677054848539e-01 2.577882005723298334e+03
6.855969192926194467e+01 2.255857277113169218e-02 1.174024328302336467e-01 7.597839206619289021e-02 2.173761088975682234e-09 9.724691430168926898e-01 2.580082515961576064e+03
6.855969192926194467e+01 2.255857277113169218e-02 1.174024328302336467e-01 7.597839206619289021e-02 2.173761088975682234e-09 9.724691430168926898e-01 2.580082515961576064e+03
6.855969192926194467e+01 2.255857277113169218e-02 1.174024328302336467e-01 7.597839206619289021e-02 2.173761088975682234e-09 9.724691430168926898e-01 2.580082515961576064e+03
6.857251200646081202e+01 2.256432765024440901e-02 1.171910190168191229e-01 7.672931988411010873e-02 2.177149877389104854e-09 9.735883501507637261e-01 2.578001480394982536e+03
6.857251200646081202e+01 2.256432765024440901e-02 1.171910190168191229e-01 7.672931988411010873e-02 2.177149877389104854e-09 9.735883501507637261e-01 2.578001480394982536e+03
6.867284125956923901e+01 2.255049510669611401e-02 1.169896785716641741e-01 5.999964690772532222e-02 2.105850914617053183e-09 9.736297616067401961e-01 2.578526652449595531e+03
6.866078607583639837e+01 2.253342220422641790e-02 1.170765079859902302e-01 6.190750637328958778e-02 2.113682014880014625e-09 9.729937316762952149e-01 2.579098859277954489e+03
6.891710851718026731e+01 2.251758898900485528e-02 1.162172471889539871e-01 7.386056057375335604e-02 2.161127816366425700e-09 9.744668167635248679e-01 2.577846742009074205e+03
6.881486148815982062e+01 2.251645641568284298e-02 1.165163793005648402e-01 7.512091212894396464e-02 2.168442268394983397e-09 9.725801283197930136e-01 2.578857019264815790e+03
6.921410150295251640e+01 2.249633480143805112e-02 1.152277508615117130e-01 7.768856286517857035e-02 2.172502399331477627e-09 9.760756938319854470e-01 2.578682966588124600e+03
6.864616699121749832e+01 2.251060604493690040e-02 1.166908559811440094e-01 6.944656758051583056e-02 2.146374148067692836e-09 9.714911536716923646e-01 2.578931973691989697e+03
6.872755551493239068e+01 2.251757001376489958e-02 1.165380549673364630e-01 7.041953561511545001e-02 2.150521788268856609e-09 9.734658291064776092e-01 2.578081998673524140e+03
6.863000245024980472e+01 2.252888973578457896e-02 1.165583724117084385e-01 8.700235991432357652e-02 2.219893568549770669e-09 9.728436524947493558e-01 2.579032378248527493e+03
6.894559659812216523e+01 2.253040684635487789e-02 1.155477118720030366e-01 9.627504357650618072e-02 2.254764397231286628e-09 9.760782297192183155e-01 2.580433467179680974e+03
6.910326363980698261e+01 2.249511263047274112e-02 1.151071391703461094e-01 9.674180700881029882e-02 2.256069303363075486e-09 9.759561088729143963e-01 2.580365648660217630e+03
6.906674488376695820e+01 2.250727034953468528e-02 1.151056485922819506e-01 1.007335868124610290e-01 2.270936843779812566e-09 9.775410531475090536e-01 2.581378732242937986e+03
6.882970322808806429e+01 2.248986064242144978e-02 1.157903091735207751e-01 8.899853319823615438e-02 2.224655916757113341e-09 9.748300104520670750e-01 2.579802061608015720e+03
6.856232095928480419e+01 2.246847712878934436e-02 1.163834426073535877e-01 6.962038745473100865e-02 2.145503944390268814e-09 9.718816061967144870e-01 2.580916591469756895e+03
6.878180371346726929e+01 2.251948989521708813e-02 1.160193812577823419e-01 8.449703054215614018e-02 2.209150420514537543e-09 9.739251992682126380e-01 2.580433419027139735e+03
6.878180371346726929e+01 2.251948989521708813e-02 1.160193812577823419e-01 8.449703054215614018e-02 2.209150420514537543e-09 9.739251992682126380e-01 2.580433419027139735e+03
6.855276918631869876e+01 2.256050117422318813e-02 1.167566739551907373e-01 8.755302657907514108e-02 2.228278070494914534e-09 9.712290667430750757e-01 2.580904235139264529e+03
6.874562151250476916e+01 2.256915564045077968e-02 1.163470686549171046e-01 9.108127439529475899e-02 2.242353978708915575e-09 9.735049209705108897e-01 2.581261182283079052e+03
6.874562151250476916e+01 2.256915564045077968e-02 1.163470686549171046e-01 9.108127439529475899e-02 2.242353978708915575e-09 9.735049209705108897e-01 2.581261182283079052e+03
6.870128836118244919e+01 2.258687310291284528e-02 1.163854648250308987e-01 9.957287005220313847e-02 2.278596086970290662e-09 9.735267547979423730e-01 2.581210602176701741e+03
6.870128836118244919e+01 2.258687310291284528e-02 1.163854648250308987e-01 9.957287005220313847e-02 2.278596086970290662e-09 9.735267547979423730e-01 2.581210602176701741e+03
6.870128836118244919e+01 2.258687310291284528e-02 1.163854648250308987e-01 9.957287005220313847e-02 2.278596086970290662e-09 9.735267547979423730e-01 2.581210602176701741e+03
6.872395203080198200e+01 2.255655804596003525e-02 1.161119747613336833e-01 8.851100533880508492e-02 2.229131381010539753e-09 9.736550907908713137e-01 2.583636356340164639e+03
6.870487108565058065e+01 2.258804605535664339e-02 1.162047014654520316e-01 8.908793128020764396e-02 2.230922391099461258e-09 9.744106941336552197e-01 2.583995914569748038e+03
6.876785915766515700e+01 2.254226736023091926e-02 1.159409286635324915e-01 7.428344294350305854e-02 2.168027138163687254e-09 9.724410573466593100e-01 2.585494219820129729e+03
6.876785915766515700e+01 2.254226736023091926e-02 1.159409286635324915e-01 7.428344294350305854e-02 2.168027138163687254e-09 9.724410573466593100e-01 2.585494219820129729e+03
6.876785915766515700e+01 2.254226736023091926e-02 1.159409286635324915e-01 7.428344294350305854e-02 2.168027138163687254e-09 9.724410573466593100e-01 2.585494219820129729e+03
6.865829454625662720e+01 2.258462099097189452e-02 1.163153420675634153e-01 9.494889483497426230e-02 2.255882591867260587e-09 9.725286782151947307e-01 2.582270535305257908e+03
6.863686572562329502e+01 2.258944739195018273e-02 1.165166981015822723e-01 9.071488470026710382e-02 2.240257362741386257e-09 9.719550363846071184e-01 2.581664940719188962e+03
6.863686572562329502e+01 2.258944739195018273e-02 1.165166981015822723e-01 9.071488470026710382e-02 2.240257362741386257e-09 9.719550363846071184e-01 2.581664940719188962e+03
6.863686572562329502e+01 2.258944739195018273e-02 1.165166981015822723e-01 9.071488470026710382e-02 2.240257362741386257e-09 9.719550363846071184e-01 2.581664940719188962e+03
6.881617864209404445e+01 2.256535440095146575e-02 1.158783450805758591e-01 8.998663670125900405e-02 2.232011168423275951e-09 9.729008585360311434e-01 2.582210526766831663e+03
6.861730721629133711e+01 2.259003872193438706e-02 1.162595160635004760e-01 9.715202525095513464e-02 2.264510966883848142e-09 9.714675193914593665e-01 2.584857304707929870e+03
6.861967107257549969e+01 2.263174305643246217e-02 1.164444323168563888e-01 1.128042166598420826e-01 2.332616075287112473e-09 9.721538699182477039e-01 2.586900978073393162e+03
6.861967107257549969e+01 2.263174305643246217e-02 1.164444323168563888e-01 1.128042166598420826e-01 2.332616075287112473e-09 9.721538699182477039e-01 2.586900978073393162e+03
6.861199636877078945e+01 2.266219585370760417e-02 1.163698647236311862e-01 1.026892023294935230e-01 2.290180477188737470e-09 9.724662031250201899e-01 2.586605585563036584e+03
6.861199636877078945e+01 2.266219585370760417e-02 1.163698647236311862e-01 1.026892023294935230e-01 2.290180477188737470e-09 9.724662031250201899e-01 2.586605585563036584e+03
6.861199636877078945e+01 2.266219585370760417e-02 1.163698647236311862e-01 1.026892023294935230e-01 2.290180477188737470e-09 9.724662031250201899e-01 2.586605585563036584e+03
6.861199636877078945e+01 2.266219585370760417e-02 1.163698647236311862e-01 1.026892023294935230e-01 2.290180477188737470e-09 9.724662031250201899e-01 2.586605585563036584e+03
6.883434266655279998e+01 2.267400018336103093e-02 1.158147900191752733e-01 1.001300062246699846e-01 2.276527416163143698e-09 9.752672660025624163e-01 2.587915572159468411e+03
6.883434266655279998e+01 2.267400018336103093e-02 1.158147900191752733e-01 1.001300062246699846e-01 2.276527416163143698e-09 9.752672660025624163e-01 2.587915572159468411e+03
6.883434266655279998e+01 2.267400018336103093e-02 1.158147900191752733e-01 1.001300062246699846e-01 2.276527416163143698e-09 9.752672660025624163e-01 2.587915572159468411e+03
6.870832228514142059e+01 2.268342410016333313e-02 1.161792971877778080e-01 1.126359935621653457e-01 2.328528182169627105e-09 9.758307712075148244e-01 2.587986018328738737e+03
6.870832228514142059e+01 2.268342410016333313e-02 1.161792971877778080e-01 1.126359935621653457e-01 2.328528182169627105e-09 9.758307712075148244e-01 2.587986018328738737e+03
6.897295813513636631e+01 2.262257694024284727e-02 1.153743951676844265e-01 1.080334835808605259e-01 2.303707261349042962e-09 9.763511621205979152e-01 2.586039394548764903e+03
6.908458604387446655e+01 2.262082064717811994e-02 1.152372425905405229e-01 1.011649213221489652e-01 2.274101324081417836e-09 9.777698040594239304e-01 2.583495732510060861e+03
6.873671911170862359e+01 2.261603239137477753e-02 1.161693675255364849e-01 8.019449577479299818e-02 2.188808551630011061e-09 9.755950595230098443e-01 2.583809953801480333e+03
6.923978809072974627e+01 2.258884020303304416e-02 1.148784727605867695e-01 8.004379806645905981e-02 2.182272677595425766e-09 9.792168059349515286e-01 2.585280384902838705e+03
6.912936897749126786e+01 2.256532301389489736e-02 1.151023245323386929e-01 7.894243221012942069e-02 2.180150520284596044e-09 9.766454851830818074e-01 2.583727554463593151e+03
6.912936897749126786e+01 2.256532301389489736e-02 1.151023245323386929e-01 7.894243221012942069e-02 2.180150520284596044e-09 9.766454851830818074e-01 2.583727554463593151e+03
6.918897643475871462e+01 2.253527961234060017e-02 1.149553307560965826e-01 7.774054476211619824e-02 2.173532839521659521e-09 9.763886912679474728e-01 2.582022611496050558e+03
6.907704817129435071e+01 2.254404601392120608e-02 1.154660452847436486e-01 7.121633168778414291e-02 2.149214201880389113e-09 9.752861159231965837e-01 2.580633415291771598e+03
6.902719360871445531e+01 2.259073383890854506e-02 1.157493426162026495e-01 7.851447757746202183e-02 2.182570329458202761e-09 9.761576272968969237e-01 2.581259023742501995e+03
6.886781125434414719e+01 2.260970036897674493e-02 1.162355355984086847e-01 7.721537984403756272e-02 2.180330253803004364e-09 9.756744774029530998e-01 2.582601984135071689e+03
6.886781125434414719e+01 2.260970036897674493e-02 1.162355355984086847e-01 7.721537984403756272e-02 2.180330253803004364e-09 9.756744774029530998e-01 2.582601984135071689e+03
6.901516105968093484e+01 2.255035425079248562e-02 1.160228167953643863e-01 6.182361280502854384e-02 2.115503854591345370e-09 9.744039841694241977e-01 2.581265524640735748e+03
6.939745886441137657e+01 2.254147125461679682e-02 1.149006792532698551e-01 8.993438557689836799e-02 2.226355685713744643e-09 9.781803801673107923e-01 2.578467634900398480e+03
6.943187441715905095e+01 2.254772604489424861e-02 1.147054142872239862e-01 1.017293227372370740e-01 2.274947784553758646e-09 9.786085915627475984e-01 2.578669945843180813e+03
6.943187441715905095e+01 2.254772604489424861e-02 1.147054142872239862e-01 1.017293227372370740e-01 2.274947784553758646e-09 9.786085915627475984e-01 2.578669945843180813e+03
6.941470797384577907e+01 2.254516130493275372e-02 1.148195847182880425e-01 9.559681071449212253e-02 2.248222434481783866e-09 9.789898336711295723e-01 2.578216642870616397e+03
6.941470797384577907e+01 2.254516130493275372e-02 1.148195847182880425e-01 9.559681071449212253e-02 2.248222434481783866e-09 9.789898336711295723e-01 2.578216642870616397e+03
6.947217490614829671e+01 2.251521434493719900e-02 1.147531768304706074e-01 8.661380255230213820e-02 2.208221944222130861e-09 9.786757456629519014e-01 2.578111179720737255e+03
6.957066776874169989e+01 2.250122789249740102e-02 1.146363883304642589e-01 8.772554940491367192e-02 2.213959576906943661e-09 9.782183680300134965e-01 2.578293518952148588e+03
6.985628197382580140e+01 2.247674115439360007e-02 1.136374431176287864e-01 9.745172717997942213e-02 2.249165405133178666e-09 9.807090427406525146e-01 2.579927648033912646e+03
6.978709237125427478e+01 2.247774684935097828e-02 1.138157157126806901e-01 9.726083290126520675e-02 2.248980985202229082e-09 9.796103669825040328e-01 2.580473520455896505e+03
6.978709237125427478e+01 2.247774684935097828e-02 1.138157157126806901e-01 9.726083290126520675e-02 2.248980985202229082e-09 9.796103669825040328e-01 2.580473520455896505e+03
6.978709237125427478e+01 2.247774684935097828e-02 1.138157157126806901e-01 9.726083290126520675e-02 2.248980985202229082e-09 9.796103669825040328e-01 2.580473520455896505e+03
6.986634015150691823e+01 2.249046894693294829e-02 1.136367942704436251e-01 9.071935350191225045e-02 2.220231781146669159e-09 9.817260918026078365e-01 2.579598983776318619e+03
7.006569225852685179e+01 2.255120150057284695e-02 1.131667785046570895e-01 1.149482714344734757e-01 2.322135727269592821e-09 9.852915112495922445e-01 2.581564458765465588e+03
7.006569225852685179e+01 2.255120150057284695e-02 1.131667785046570895e-01 1.149482714344734757e-01 2.322135727269592821e-09 9.852915112495922445e-01 2.581564458765465588e+03
7.006938084840804493e+01 2.257721082211680205e-02 1.132561929423654273e-01 1.195151486123200019e-01 2.342780546409380828e-09 9.857316968321668815e-01 2.582062417619778898e+03
7.023439662754562107e+01 2.259263099902472996e-02 1.129307052756643726e-01 1.287024556479475779e-01 2.381427900529045558e-09 9.872559113021858179e-01 2.584517312934228357e+03
7.023439662754562107e+01 2.259263099902472996e-02 1.129307052756643726e-01 1.287024556479475779e-01 2.381427900529045558e-09 9.872559113021858179e-01 2.584517312934228357e+03
7.004316441804810722e+01 2.259484513406315523e-02 1.134738049482117289e-01 1.101492956332423834e-01 2.306071654509239232e-09 9.855672705683442558e-01 2.581647242054324124e+03
6.964974418610891860e+01 2.264296478277620997e-02 1.143704358706916641e-01 1.199864622846995021e-01 2.350403837745782505e-09 9.849217995148171756e-01 2.583648645446009141e+03
6.964974418610891860e+01 2.264296478277620997e-02 1.143704358706916641e-01 1.199864622846995021e-01 2.350403837745782505e-09 9.849217995148171756e-01 2.583648645446009141e+03
6.964252798176462989e+01 2.261173479129395536e-02 1.143128053075440076e-01 1.204584196973998156e-01 2.351179131603836406e-09 9.842338771898960781e-01 2.583324280190134232e+03
6.959805178313104079e+01 2.258967857627931439e-02 1.143973531493333862e-01 1.200978232152145331e-01 2.351296346972809724e-09 9.821166779123775559e-01 2.581986289793802825e+03
6.955842808147362177e+01 2.260366097584693562e-02 1.146639662439780244e-01 1.237678814247988035e-01 2.368611583586144517e-09 9.818348678829758036e-01 2.583424375810725451e+03
6.951738722532809334e+01 2.258622095679406819e-02 1.148075119130969601e-01 1.198595660889620329e-01 2.351766899503435911e-09 9.810451878279866644e-01 2.582714864294816834e+03
6.951738722532809334e+01 2.258622095679406819e-02 1.148075119130969601e-01 1.198595660889620329e-01 2.351766899503435911e-09 9.810451878279866644e-01 2.582714864294816834e+03
6.929815631642071594e+01 2.259070095477066359e-02 1.155360580922208946e-01 1.093758471310395386e-01 2.312232542611010627e-09 9.788961402908274989e-01 2.578390074322867804e+03
