6.916533401475426501e+01 2.258773016997574906e-02 1.155783711965135963e-01 7.567406805507578826e-02 2.161988623863095124e-09 9.757173183912918324e-01 2.581373647557385993e+03
6.932059490209822172e+01 2.262021292482354132e-02 1.153517207916516796e-01 8.536348709426931636e-02 2.205624893342269739e-09 9.759359464078942725e-01 2.579472815267366059e+03
6.957933801874376911e+01 2.260820422763856752e-02 1.145694674492926252e-01 9.102001585110398862e-02 2.225653271454513924e-09 9.786258145303381450e-01 2.579334547100371310e+03
6.957933801874376911e+01 2.260820422763856752e-02 1.145694674492926252e-01 9.102001585110398862e-02 2.225653271454513924e-09 9.786258145303381450e-01 2.579334547100371310e+03
6.943549042942184713e+01 2.259579970882057490e-02 1.149375288757871066e-01 7.369459822582197228e-02 2.155611354588148119e-09 9.770893759429446490e-01 2.579311344611060122e+03
6.931934450942009107e+01 2.257733273302258564e-02 1.151990680427738140e-01 8.240840299515891920e-02 2.192291289622192124e-09 9.756892848089594450e-01 2.579600959987777969e+03
6.915897690812815313e+01 2.256168718146403518e-02 1.156032559067337040e-01 8.146155255043641130e-02 2.190156550271976520e-09 9.736233260586369953e-01 2.581238568874116027e+03
6.915897690812815313e+01 2.256168718146403518e-02 1.156032559067337040e-01 8.146155255043641130e-02 2.190156550271976520e-09 9.736233260586369953e-01 2.581238568874116027e+03
6.915897690812815313e+01 2.256168718146403518e-02 1.156032559067337040e-01 8.146155255043641130e-02 2.190156550271976520e-09 9.736233260586369953e-01 2.581238568874116027e+03
6.915897690812815313e+01 2.256168718146403518e-02 1.156032559067337040e-01 8.146155255043641130e-02 2.190156550271976520e-09 9.736233260586369953e-01 2.581238568874116027e+03
6.915897690812815313e+01 2.256168718146403518e-02 1.156032559067337040e-01 8.146155255043641130e-02 2.190156550271976520e-09 9.736233260586369953e-01 2.581238568874116027e+03
6.915897690812815313e+01 2.256168718146403518e-02 1.156032559067337040e-01 8.146155255043641130e-02 2.190156550271976520e-09 9.736233260586369953e-01 2.581238568874116027e+03
6.915897690812815313e+01 2.256168718146403518e-02 1.156032559067337040e-01 8.146155255043641130e-02 2.190156550271976520e-09 9.736233260586369953e-01 2.581238568874116027e+03
6.926765801135385914e+01 2.258416696153978109e-02 1.154266830549090794e-01 7.812535196785380665e-02 2.176961270821102871e-09 9.751431892816092573e-01 2.578809883471259127e+03
6.916948591410448444e+01 2.258917542690800154e-02 1.158302656072165843e-01 9.313458358716723839e-02 2.240791026907269205e-09 9.755084237077504827e-01 2.580108892841817578e+03
6.916948591410448444e+01 2.258917542690800154e-02 1.158302656072165843e-01 9.313458358716723839e-02 2.240791026907269205e-09 9.755084237077504827e-01 2.580108892841817578e+03
6.899652506720433109e+01 2.260263701276555778e-02 1.164407399183361030e-01 8.281176520167907174e-02 2.202449011655720194e-09 9.731318504981976147e-01 2.579021094970604281e+03
6.928137957069094455e+01 2.256805491586355919e-02 1.156890332515531361e-01 6.905536365798040088e-02 2.140988474721902702e-09 9.749633146522137528e-01 2.579041692746076023e+03
6.928137957069094455e+01 2.256805491586355919e-02 1.156890332515531361e-01 6.905536365798040088e-02 2.140988474721902702e-09 9.749633146522137528e-01 2.579041692746076023e+03
6.954086833405411028e+01 2.258124383291936627e-02 1.150379153507583990e-01 8.964702910362092048e-02 2.224256490868430256e-09 9.782778297672145573e-01 2.577954489494067275e+03
6.937023103800781598e+01 2.258454662650475828e-02 1.156207172777862086e-01 1.035034435222870475e-01 2.287141098581497294e-09 9.763076908893942862e-01 2.580918269517719182e+03
6.937023103800781598e+01 2.258454662650475828e-02 1.156207172777862086e-01 1.035034435222870475e-01 2.287141098581497294e-09 9.763076908893942862e-01 2.580918269517719182e+03
6.937023103800781598e+01 2.258454662650475828e-02 1.156207172777862086e-01 1.035034435222870475e-01 2.287141098581497294e-09 9.763076908893942862e-01 2.580918269517719182e+03
6.966311178688083317e+01 2.259689503207132355e-02 1.147716496849903317e-01 1.060016168337347686e-01 2.291887762522557570e-09 9.805077565877068357e-01 2.579519305218982936e+03
6.991978492666127920e+01 2.256010226602130769e-02 1.141082071848872614e-01 9.614128825929203759e-02 2.248149078130552349e-09 9.809072247299683855e-01 2.578682786036701145e+03
6.991978492666127920e+01 2.256010226602130769e-02 1.141082071848872614e-01 9.614128825929203759e-02 2.248149078130552349e-09 9.809072247299683855e-01 2.578682786036701145e+03
7.020649685903936188e+01 2.255841775733332527e-02 1.133194914215907151e-01 1.029819230525266943e-01 2.273986108369412942e-09 9.830076821541203769e-01 2.579459542092797619e+03
7.020649685903936188e+01 2.255841775733332527e-02 1.133194914215907151e-01 1.029819230525266943e-01 2.273986108369412942e-09 9.830076821541203769e-01 2.579459542092797619e+03
7.020649685903936188e+01 2.255841775733332527e-02 1.133194914215907151e-01 1.029819230525266943e-01 2.273986108369412942e-09 9.830076821541203769e-01 2.579459542092797619e+03
7.026011043895199748e+01 2.253496691990832315e-02 1.133512621975960033e-01 8.625350781470671191e-02 2.201733869117577453e-09 9.833738582813558171e-01 2.581096768555032213e+03
7.026011043895199748e+01 2.253496691990832315e-02 1.133512621975960033e-01 8.625350781470671191e-02 2.201733869117577453e-09 9.833738582813558171e-01 2.581096768555032213e+03
7.026011043895199748e+01 2.253496691990832315e-02 1.133512621975960033e-01 8.625350781470671191e-02 2.201733869117577453e-09 9.833738582813558171e-01 2.581096768555032213e+03
7.026011043895199748e+01 2.253496691990832315e-02 1.133512621975960033e-01 8.625350781470671191e-02 2.201733869117577453e-09 9.833738582813558171e-01 2.581096768555032213e+03
7.002042997666110580e+01 2.257214789600357416e-02 1.138280640484695266e-01 8.837598307793741170e-02 2.211867392822861673e-09 9.818234095285273133e-01 2.579252001335504247e+03
7.002042997666110580e+01 2.257214789600357416e-02 1.138280640484695266e-01 8.837598307793741170e-02 2.211867392822861673e-09 9.818234095285273133e-01 2.579252001335504247e+03
7.002042997666110580e+01 2.257214789600357416e-02 1.138280640484695266e-01 8.837598307793741170e-02 2.211867392822861673e-09 9.818234095285273133e-01 2.579252001335504247e+03
6.990933446717095023e+01 2.256699130167331632e-02 1.138607099797392108e-01 8.831060038276729307e-02 2.210431780019307073e-09 9.824249836985819995e-01 2.579310189287517460e+03
6.977268749720103358e+01 2.256610579401041941e-02 1.141558902508665319e-01 8.632647711829553872e-02 2.203612721216395687e-09 9.808569156298094782e-01 2.578866450631120188e+03
6.960856251215983548e+01 2.258151004216387911e-02 1.145966950092383169e-01 7.929424632841756970e-02 2.176251908303641405e-09 9.801720013630981221e-01 2.578957186109896611e+03
6.930462521367911677e+01 2.258300642765908098e-02 1.153127350781260885e-01 9.006254491156698294e-02 2.225700075329872080e-09 9.757183882846632850e-01 2.579740346986652185e+03
6.930462521367911677e+01 2.258300642765908098e-02 1.153127350781260885e-01 9.006254491156698294e-02 2.225700075329872080e-09 9.757183882846632850e-01 2.579740346986652185e+03
6.932914243324276526e+01 2.260401132600647900e-02 1.151482215728851788e-01 7.943514825092568010e-02 2.180728815487162201e-09 9.765772198052146136e-01 2.579081482010142281e+03
6.942864493636120926e+01 2.259470571473089565e-02 1.147947526707188415e-01 8.013147489531505241e-02 2.180497023567723070e-09 9.772837736862686198e-01 2.579763093571999434e+03
6.942864493636120926e+01 2.259470571473089565e-02 1.147947526707188415e-01 8.013147489531505241e-02 2.180497023567723070e-09 9.772837736862686198e-01 2.579763093571999434e+03
6.942864493636120926e+01 2.259470571473089565e-02 1.147947526707188415e-01 8.013147489531505241e-02 2.180497023567723070e-09 9.772837736862686198e-01 2.579763093571999434e+03
6.928947955005816084e+01 2.256468203561630415e-02 1.151511615392485643e-01 8.320416415984004110e-02 2.195345318576771350e-09 9.745504644270074346e-01 2.581347014666032919e+03
6.928947955005816084e+01 2.256468203561630415e-02 1.151511615392485643e-01 8.320416415984004110e-02 2.195345318576771350e-09 9.745504644270074346e-01 2.581347014666032919e+03
6.928947955005816084e+01 2.256468203561630415e-02 1.151511615392485643e-01 8.320416415984004110e-02 2.195345318576771350e-09 9.745504644270074346e-01 2.581347014666032919e+03
6.928947955005816084e+01 2.256468203561630415e-02 1.151511615392485643e-01 8.320416415984004110e-02 2.195345318576771350e-09 9.745504644270074346e-01 2.581347014666032919e+03
6.928947955005816084e+01 2.256468203561630415e-02 1.151511615392485643e-01 8.320416415984004110e-02 2.195345318576771350e-09 9.745504644270074346e-01 2.581347014666032919e+03
6.928947955005816084e+01 2.256468203561630415e-02 1.151511615392485643e-01 8.320416415984004110e-02 2.195345318576771350e-09 9.745504644270074346e-01 2.581347014666032919e+03
6.946904550394577882e+01 2.254032588582377192e-02 1.147167777726533916e-01 8.516689804123193930e-02 2.199881145467485352e-09 9.763977040778314409e-01 2.581786596494339392e+03
6.952372901932332638e+01 2.256008269582536127e-02 1.145930745828326186e-01 9.158626447137621640e-02 2.224670533649750834e-09 9.797551851369548093e-01 2.580668140903172571e+03
6.932222534449552143e+01 2.254726739082755366e-02 1.148891783837062558e-01 8.292444694912666503e-02 2.188504921217520565e-09 9.789501077750759617e-01 2.580768268904681463e+03
6.908922071541307730e+01 2.252114545528964562e-02 1.152456340076294383e-01 6.503184433356684613e-02 2.114411907847439028e-09 9.761004606445868870e-01 2.582944745063262872e+03
6.932887058491257903e+01 2.252970627088417624e-02 1.146936463654133348e-01 6.669993890045534946e-02 2.119800893061934453e-09 9.782619714522057253e-01 2.581864036728921747e+03
6.900324838989402565e+01 2.255827756123900824e-02 1.156041570916475497e-01 8.261799111167800191e-02 2.191146977758542389e-09 9.768211917871120198e-01 2.581053735314606456e+03
6.868798373295653903e+01 2.257696107361164412e-02 1.165523839757519747e-01 7.000835456539628021e-02 2.142821464546685649e-09 9.740126553080455940e-01 2.580934670738370642e+03
6.876634552749705165e+01 2.255045579061778008e-02 1.163040976722718028e-01 7.602142189034018227e-02 2.166923359711957383e-09 9.737618841776056744e-01 2.581533426482765208e+03
6.879483862935151706e+01 2.252097664458959161e-02 1.161317804195397957e-01 7.492172407730848804e-02 2.159345716011987270e-09 9.738351837982329728e-01 2.584326791785097157e+03
6.879483862935151706e+01 2.252097664458959161e-02 1.161317804195397957e-01 7.492172407730848804e-02 2.159345716011987270e-09 9.738351837982329728e-01 2.584326791785097157e+03
6.879483862935151706e+01 2.252097664458959161e-02 1.161317804195397957e-01 7.492172407730848804e-02 2.159345716011987270e-09 9.738351837982329728e-01 2.584326791785097157e+03
6.879483862935151706e+01 2.252097664458959161e-02 1.161317804195397957e-01 7.492172407730848804e-02 2.159345716011987270e-09 9.738351837982329728e-01 2.584326791785097157e+03
6.870377327857057992e+01 2.254524221168829889e-02 1.164458070254140720e-01 7.843075658271116135e-02 2.177709073271532113e-09 9.733093489741976301e-01 2.582028374153615914e+03
6.884812612439034751e+01 2.255260794976297542e-02 1.161879954242361485e-01 8.708587842845984250e-02 2.211538328723605929e-09 9.760240092141512225e-01 2.582313179476177083e+03
6.884812612439034751e+01 2.255260794976297542e-02 1.161879954242361485e-01 8.708587842845984250e-02 2.211538328723605929e-09 9.760240092141512225e-01 2.582313179476177083e+03
6.884812612439034751e+01 2.255260794976297542e-02 1.161879954242361485e-01 8.708587842845984250e-02 2.211538328723605929e-09 9.760240092141512225e-01 2.582313179476177083e+03
6.878377981641790484e+01 2.257898978245790819e-02 1.164478032752327558e-01 9.124231990530835834e-02 2.232158792494832624e-09 9.752322532113549824e-01 2.581857398390510753e+03
6.878377981641790484e+01 2.257898978245790819e-02 1.164478032752327558e-01 9.124231990530835834e-02 2.232158792494832624e-09 9.752322532113549824e-01 2.581857398390510753e+03
6.890274666323422537e+01 2.260681903972458842e-02 1.162824386474191479e-01 1.047553474309084465e-01 2.290360443820114699e-09 9.760023780546933647e-01 2.584430154906765893e+03
6.893740159516437416e+01 2.258609150088839584e-02 1.159916141946264745e-01 9.679137870378561048e-02 2.254246992823727203e-09 9.761114105460040324e-01 2.582323809234054806e+03
6.898399358461610120e+01 2.259055833299122157e-02 1.157608265990030666e-01 9.257071371686079186e-02 2.234845993609475927e-09 9.778585279015036269e-01 2.581165966815050979e+03
6.879184001264394510e+01 2.259433992525392010e-02 1.160744926198202659e-01 8.622312365606017714e-02 2.209739875084842906e-09 9.763121825681456700e-01 2.581989042634339057e+03
6.879184001264394510e+01 2.259433992525392010e-02 1.160744926198202659e-01 8.622312365606017714e-02 2.209739875084842906e-09 9.763121825681456700e-01 2.581989042634339057e+03
6.910507144828478943e+01 2.259919807527178276e-02 1.155184329839340773e-01 9.132520659096797500e-02 2.229325967358998245e-09 9.786071800742154325e-01 2.580358743529392086e+03
6.910507144828478943e+01 2.259919807527178276e-02 1.155184329839340773e-01 9.132520659096797500e-02 2.229325967358998245e-09 9.786071800742154325e-01 2.580358743529392086e+03
6.900291360109279992e+01 2.254547386221237432e-02 1.158568901386201611e-01 6.404346386032994110e-02 2.117049816444700664e-09 9.741524230601373846e-01 2.579958170151857303e+03
6.900291360109279992e+01 2.254547386221237432e-02 1.158568901386201611e-01 6.404346386032994110e-02 2.117049816444700664e-09 9.741524230601373846e-01 2.579958170151857303e+03
6.879910178186108283e+01 2.258203316045858181e-02 1.166181919580657478e-01 5.214455634259634875e-02 2.072286394574370343e-09 9.724005184757091858e-01 2.580558616699784579e+03
6.879910178186108283e+01 2.258203316045858181e-02 1.166181919580657478e-01 5.214455634259634875e-02 2.072286394574370343e-09 9.724005184757091858e-01 2.580558616699784579e+03
6.879910178186108283e+01 2.258203316045858181e-02 1.166181919580657478e-01 5.214455634259634875e-02 2.072286394574370343e-09 9.724005184757091858e-01 2.580558616699784579e+03
6.914437192307036639e+01 2.259440892929474171e-02 1.157821517061724259e-01 7.213075636436902527e-02 2.153624980938086620e-09 9.756564406864933758e-01 2.578453774263922696e+03
6.888483872458837709e+01 2.260907020702316098e-02 1.165262476772520456e-01 6.147320233365431014e-02 2.111824008513102451e-09 9.743664084309185958e-01 2.578956711616806842e+03
6.888483872458837709e+01 2.260907020702316098e-02 1.165262476772520456e-01 6.147320233365431014e-02 2.111824008513102451e-09 9.743664084309185958e-01 2.578956711616806842e+03
6.898898520269078460e+01 2.259904072693522462e-02 1.164757583585948886e-01 6.256309726009402772e-02 2.115225129164943763e-09 9.751891209434722096e-01 2.578769607494404227e+03
6.898898520269078460e+01 2.259904072693522462e-02 1.164757583585948886e-01 6.256309726009402772e-02 2.115225129164943763e-09 9.751891209434722096e-01 2.578769607494404227e+03
6.881974116874404501e+01 2.262702196666427357e-02 1.169030067407446638e-01 8.266301030090095203e-02 2.201597886884441838e-09 9.750528041784441990e-01 2.578373533527187647e+03
6.873003031756705639e+01 2.259153608854948952e-02 1.170882597753804405e-01 6.992565498454282602e-02 2.150082452990891161e-09 9.723417603907046347e-01 2.578676027372111548e+03
6.894355786231980687e+01 2.260301103054796618e-02 1.166948566859170311e-01 7.773615242565494465e-02 2.181605404802082956e-09 9.735435083122100375e-01 2.578711203259062131e+03
6.890048102316059442e+01 2.258308673144297438e-02 1.164700945941567756e-01 7.957465249392201012e-02 2.185170172268646998e-09 9.743098584350967650e-01 2.579172347270623504e+03
6.890048102316059442e+01 2.258308673144297438e-02 1.164700945941567756e-01 7.957465249392201012e-02 2.185170172268646998e-09 9.743098584350967650e-01 2.579172347270623504e+03
6.882356413157488362e+01 2.255963356980760989e-02 1.165044224974474268e-01 6.327213204065264274e-02 2.117905314365131947e-09 9.734694659308195108e-01 2.578808770826503860e+03
6.882356413157488362e+01 2.255963356980760989e-02 1.165044224974474268e-01 6.327213204065264274e-02 2.117905314365131947e-09 9.734694659308195108e-01 2.578808770826503860e+03
6.882356413157488362e+01 2.255963356980760989e-02 1.165044224974474268e-01 6.327213204065264274e-02 2.117905314365131947e-09 9.734694659308195108e-01 2.578808770826503860e+03
6.891514261772623229e+01 2.254110782477950978e-02 1.160287605990781845e-01 6.466078572314284956e-02 2.121559168846055424e-09 9.730784321617036436e-01 2.580018655790167031e+03
6.911974349057562961e+01 2.255861789794950251e-02 1.156194040099925852e-01 5.976710197440077144e-02 2.101901727598468451e-09 9.746093577104234518e-01 2.580207958151715502e+03
6.922843211356762083e+01 2.252520807631184369e-02 1.152854556741912534e-01 6.768818806730149407e-02 2.132418377999339389e-09 9.743002097310748955e-01 2.580063768392887141e+03
6.936641640588085522e+01 2.254077270294223626e-02 1.149968699536400851e-01 6.516857408738810364e-02 2.121725702048324756e-09 9.753799621986856128e-01 2.580401508152696806e+03
6.936641640588085522e+01 2.254077270294223626e-02 1.149968699536400851e-01 6.516857408738810364e-02 2.121725702048324756e-09 9.753799621986856128e-01 2.580401508152696806e+03
6.916725648193268228e+01 2.255536946803510245e-02 1.157400620319483514e-01 7.578228929793509594e-02 2.169149443762510516e-09 9.735774334902216331e-01 2.579383438026693966e+03
6.918821984502181976e+01 2.258271328599496461e-02 1.157536640432721836e-01 8.811466960368707912e-02 2.220983519007286776e-09 9.755097853457637136e-01 2.578049064226064729e+03
6.905283711960943549e+01 2.259454205086106060e-02 1.160353757210547121e-01 8.673244226334307638e-02 2.217892876950493297e-09 9.744308814921235351e-01 2.577904912073526248e+03
6.905283711960943549e+01 2.259454205086106060e-02 1.160353757210547121e-01 8.673244226334307638e-02 2.217892876950493297e-09 9.744308814921235351e-01 2.577904912073526248e+03
6.905283711960943549e+01 2.259454205086106060e-02 1.160353757210547121e-01 8.673244226334307638e-02 2.217892876950493297e-09 9.744308814921235351e-01 2.577904912073526248e+03
6.946776403119946508e+01 2.255536726394815131e-02 1.151191420474669547e-01 9.383554563813673033e-02 2.242250947151212800e-09 9.775265822478342859e-01 2.578348630249920916e+03
6.951795515267912151e+01 2.252213875371361987e-02 1.146844703576252039e-01 8.019327098998277337e-02 2.180473508679780597e-09 9.791426451449618540e-01 2.578369039627714301e+03
6.928311028817634565e+01 2.253242370853103874e-02 1.153362960526554126e-01 5.870652142233814819e-02 2.091892209816828734e-09 9.766861325703010133e-01 2.579784704766585946e+03
6.926957105070205500e+01 2.254751697341008873e-02 1.156082549115760028e-01 6.513133667777798452e-02 2.120524058084063095e-09 9.763129876305245425e-01 2.579285943772932114e+03
6.901246348551427445e+01 2.253251295178356275e-02 1.162375296103143468e-01 5.558377729960825575e-02 2.082210298422121219e-09 9.750589617697664746e-01 2.580631517900385916e+03
6.914914840802599372e+01 2.251604360983185463e-02 1.159788236518246168e-01 4.889769494180415399e-02 2.054119671351985263e-09 9.758877386898050510e-01 2.581302022516836587e+03
6.897313844916715198e+01 2.250093912154274567e-02 1.161757822603639856e-01 5.581071058268019525e-02 2.082816836083826750e-09 9.745391796764046877e-01 2.580746357397692918e+03
6.916240255697603345e+01 2.252087922779478363e-02 1.157642841445676862e-01 7.493719394722711535e-02 2.161182770320866575e-09 9.779694494236087499e-01 2.578136796259095718e+03
6.916240255697603345e+01 2.252087922779478363e-02 1.157642841445676862e-01 7.493719394722711535e-02 2.161182770320866575e-09 9.779694494236087499e-01 2.578136796259095718e+03
6.930213397804079989e+01 2.251219179511007237e-02 1.153347839407866116e-01 7.044410432103050124e-02 2.139457076818667699e-09 9.785496803167449409e-01 2.578865955208701052e+03
6.930213397804079989e+01 2.251219179511007237e-02 1.153347839407866116e-01 7.044410432103050124e-02 2.139457076818667699e-09 9.785496803167449409e-01 2.578865955208701052e+03
6.945702363077613484e+01 2.247275273301784643e-02 1.150705118627416146e-01 8.667376063872254954e-02 2.205408584112062911e-09 9.789448922570272993e-01 2.582288214940058424e+03
6.953374835875500537e+01 2.244291268613327062e-02 1.149842202421072213e-01 7.958032784602954435e-02 2.174474613713346015e-09 9.790425371608838523e-01 2.584063226404207853e+03
6.953018937134110899e+01 2.246092072937677306e-02 1.150158832973161294e-01 8.126406357432786054e-02 2.183261392045850460e-09 9.778366146035138984e-01 2.583820942626213764e+03
6.958845631068766124e+01 2.249712957118153028e-02 1.151085093474647630e-01 9.539309411029156527e-02 2.243502973983723908e-09 9.789824047250200723e-01 2.586820371618649915e+03
6.958845631068766124e+01 2.249712957118153028e-02 1.151085093474647630e-01 9.539309411029156527e-02 2.243502973983723908e-09 9.789824047250200723e-01 2.586820371618649915e+03
6.921913850072392904e+01 2.248273885875477079e-02 1.161299811248017594e-01 8.249663813804525292e-02 2.194297687380423648e-09 9.758975836070368226e-01 2.586092516059300578e+03
6.921913850072392904e+01 2.248273885875477079e-02 1.161299811248017594e-01 8.249663813804525292e-02 2.194297687380423648e-09 9.758975836070368226e-01 2.586092516059300578e+03
6.952967209409870009e+01 2.248469010510607477e-02 1.154670515048060730e-01 8.710022267607769875e-02 2.211518849747183698e-09 9.789774173428463788e-01 2.584520108232204620e+03
6.952967209409870009e+01 2.248469010510607477e-02 1.154670515048060730e-01 8.710022267607769875e-02 2.211518849747183698e-09 9.789774173428463788e-01 2.584520108232204620e+03
6.952967209409870009e+01 2.248469010510607477e-02 1.154670515048060730e-01 8.710022267607769875e-02 2.211518849747183698e-09 9.789774173428463788e-01 2.584520108232204620e+03
6.919542192315665829e+01 2.251644965897763376e-02 1.163182492637677284e-01 8.873438222295032540e-02 2.222941538574466310e-09 9.763248794283336807e-01 2.584736123337130266e+03
6.924707237645658608e+01 2.249918120302336899e-02 1.161329060585885309e-01 7.548512832294135277e-02 2.166482699406500165e-09 9.756008994424079095e-01 2.583733232998634776e+03
6.924707237645658608e+01 2.249918120302336899e-02 1.161329060585885309e-01 7.548512832294135277e-02 2.166482699406500165e-09 9.756008994424079095e-01 2.583733232998634776e+03
6.942134234431819095e+01 2.246336251685718960e-02 1.156683179914085452e-01 7.788610088447923963e-02 2.172934475479221341e-09 9.776129639128801063e-01 2.585073547686927668e+03
6.942134234431819095e+01 2.246336251685718960e-02 1.156683179914085452e-01 7.788610088447923963e-02 2.172934475479221341e-09 9.776129639128801063e-01 2.585073547686927668e+03
6.939699022204293044e+01 2.248692783879676152e-02 1.156218654946449542e-01 7.823825347676394149e-02 2.174986120950918805e-09 9.776832640522180595e-01 2.581953347382965148e+03
6.931497157729478431e+01 2.246676463226649628e-02 1.159101138036778000e-01 6.938640753106835313e-02 2.137707801753269874e-09 9.771247251680469370e-01 2.584769327748213982e+03
6.955880972075688362e+01 2.246195487423786191e-02 1.152566811870326252e-01 7.416531730884583229e-02 2.155178516579783136e-09 9.781333723398990543e-01 2.584869149085242952e+03
6.942277434886746335e+01 2.247312977291339095e-02 1.154331183243322290e-01 8.303105133709073882e-02 2.193721383825331583e-09 9.766445903963653086e-01 2.584609052682941183e+03
6.937561455869924032e+01 2.249544760783470099e-02 1.158122986846758379e-01 8.080094329862695657e-02 2.187284107999806375e-09 9.763090630059699793e-01 2.584615818256600051e+03
6.937561455869924032e+01 2.249544760783470099e-02 1.158122986846758379e-01 8.080094329862695657e-02 2.187284107999806375e-09 9.763090630059699793e-01 2.584615818256600051e+03
6.937561455869924032e+01 2.249544760783470099e-02 1.158122986846758379e-01 8.080094329862695657e-02 2.187284107999806375e-09 9.763090630059699793e-01 2.584615818256600051e+03
6.946591207963388115e+01 2.250990632525655746e-02 1.155681054577171046e-01 7.997236556642201011e-02 2.181916852216950001e-09 9.773698744087537804e-01 2.583814015110710898e+03
6.968586106169409788e+01 2.250385317892756795e-02 1.148950806526716495e-01 8.079093554739100180e-02 2.181729274597075618e-09 9.796155104524520985e-01 2.582239669027466334e+03
6.968586106169409788e+01 2.250385317892756795e-02 1.148950806526716495e-01 8.079093554739100180e-02 2.181729274597075618e-09 9.796155104524520985e-01 2.582239669027466334e+03
6.983151918156360694e+01 2.249874934204809662e-02 1.146378690267410988e-01 7.684117256166972387e-02 2.163215147026336162e-09 9.803700360305289685e-01 2.584199125731703134e+03
7.003627697252031226e+01 2.249259268741379825e-02 1.140893266013326690e-01 7.329833330754598197e-02 2.145815656891569865e-09 9.810136161215814443e-01 2.585059838309945007e+03
7.001940283771929785e+01 2.249076067861868408e-02 1.143072413621531863e-01 7.098110179174042800e-02 2.136439470398112964e-09 9.808425836882022075e-01 2.587909667098051614e+03
7.006628402289781832e+01 2.252854941990573359e-02 1.141053239449365819e-01 7.484646546083606466e-02 2.151149044450944958e-09 9.839463404858506124e-01 2.583986415349998424e+03
7.006628402289781832e+01 2.252854941990573359e-02 1.141053239449365819e-01 7.484646546083606466e-02 2.151149044450944958e-09 9.839463404858506124e-01 2.583986415349998424e+03
7.006628402289781832e+01 2.252854941990573359e-02 1.141053239449365819e-01 7.484646546083606466e-02 2.151149044450944958e-09 9.839463404858506124e-01 2.583986415349998424e+03
7.008742098732263059e+01 2.254454426779050127e-02 1.139798381034184960e-01 6.792623877986009306e-02 2.121283675941118820e-09 9.848265332001349126e-01 2.583942178662189690e+03
6.968183372991349245e+01 2.259487549611457688e-02 1.149208433554345238e-01 6.211206903136427121e-02 2.100324642503934891e-09 9.831576029985180654e-01 2.583173325944842418e+03
6.973527210239019780e+01 2.257250296466863093e-02 1.149432353147893382e-01 6.789027354670039427e-02 2.124344517641067837e-09 9.824610774454454187e-01 2.583892091511359467e+03
7.011606805828736810e+01 2.259962942769136104e-02 1.142546544742164549e-01 8.522941161438718494e-02 2.194667539930427113e-09 9.861226036304567844e-01 2.586006587654103896e+03
6.991281779646064365e+01 2.263721347883149160e-02 1.147216334744468186e-01 7.833874484315879461e-02 2.169554038288313943e-09 9.851357579343911208e-01 2.584395501487178990e+03
7.029762089302838035e+01 2.262528699030994309e-02 1.134304602127347433e-01 9.165610981952387881e-02 2.218539795176231336e-09 9.886260852059555182e-01 2.584824270106759286e+03
7.009383845514051359e+01 2.262097331515672619e-02 1.142305036332013773e-01 9.900373911673786276e-02 2.252730859340343356e-09 9.869423122142658711e-01 2.586677822307135557e+03
6.997901200454293758e+01 2.260753492564005623e-02 1.145492228768507370e-01 8.583099702939642195e-02 2.199833261584632678e-09 9.843394678866999037e-01 2.583990206975533511e+03
6.991285170181592434e+01 2.264131575533267354e-02 1.148602918363162695e-01 7.822504559217458020e-02 2.170350513647928596e-09 9.843082562661809032e-01 2.584509130946114510e+03
6.950483140202231880e+01 2.263004214565800601e-02 1.159879771907444818e-01 5.480365963321665729e-02 2.077367885798558324e-09 9.796870481506236850e-01 2.586440235195549121e+03
6.950483140202231880e+01 2.263004214565800601e-02 1.159879771907444818e-01 5.480365963321665729e-02 2.077367885798558324e-09 9.796870481506236850e-01 2.586440235195549121e+03
6.950483140202231880e+01 2.263004214565800601e-02 1.159879771907444818e-01 5.480365963321665729e-02 2.077367885798558324e-09 9.796870481506236850e-01 2.586440235195549121e+03
6.950483140202231880e+01 2.263004214565800601e-02 1.159879771907444818e-01 5.480365963321665729e-02 2.077367885798558324e-09 9.796870481506236850e-01 2.586440235195549121e+03
6.949271148478767657e+01 2.262918212628462628e-02 1.160935893751524617e-01 5.666170832532559792e-02 2.084465961656698976e-09 9.797456040663354848e-01 2.588194859468879258e+03
6.937254176365915725e+01 2.260984846749130792e-02 1.163255347888849933e-01 6.003643073153560467e-02 2.098620102056954132e-09 9.778986623262598821e-01 2.589903096235210796e+03
6.937254176365915725e+01 2.260984846749130792e-02 1.163255347888849933e-01 6.003643073153560467e-02 2.098620102056954132e-09 9.778986623262598821e-01 2.589903096235210796e+03
6.937254176365915725e+01 2.260984846749130792e-02 1.163255347888849933e-01 6.003643073153560467e-02 2.098620102056954132e-09 9.778986623262598821e-01 2.589903096235210796e+03
6.937254176365915725e+01 2.260984846749130792e-02 1.163255347888849933e-01 6.003643073153560467e-02 2.098620102056954132e-09 9.778986623262598821e-01 2.589903096235210796e+03
6.928776125181676093e+01 2.264815272788718234e-02 1.164590009472187548e-01 6.616591945332558899e-02 2.125955845708583558e-09 9.791029118085657901e-01 2.584866542776278493e+03
6.928776125181676093e+01 2.264815272788718234e-02 1.164590009472187548e-01 6.616591945332558899e-02 2.125955845708583558e-09 9.791029118085657901e-01 2.584866542776278493e+03
6.912393315362258761e+01 2.264479905166692786e-02 1.169189248695590017e-01 6.260733287049351226e-02 2.113750775820220203e-09 9.774818380587604327e-01 2.585452327648160463e+03
6.908468466191099822e+01 2.265449949871830085e-02 1.169825533862008521e-01 7.006600759354021657e-02 2.145157158029576194e-09 9.778282375982980668e-01 2.584624276952634773e+03
6.924837003326526030e+01 2.265143856333665801e-02 1.163879012787647632e-01 6.666547721731577725e-02 2.129399832283257521e-09 9.796322032522353229e-01 2.582412512634122322e+03
6.924837003326526030e+01 2.265143856333665801e-02 1.163879012787647632e-01 6.666547721731577725e-02 2.129399832283257521e-09 9.796322032522353229e-01 2.582412512634122322e+03
6.868275232612820957e+01 2.265090831183444453e-02 1.177076204241620655e-01 5.676227414198462690e-02 2.093785854238020975e-09 9.752952305162667646e-01 2.582568989572748251e+03
6.913927033077239059e+01 2.262991970943829464e-02 1.166308216998513947e-01 6.452589973576375315e-02 2.120880403824553877e-09 9.789970877822757878e-01 2.582582455339294029e+03
6.913927033077239059e+01 2.262991970943829464e-02 1.166308216998513947e-01 6.452589973576375315e-02 2.120880403824553877e-09 9.789970877822757878e-01 2.582582455339294029e+03
6.893658788079510202e+01 2.262803182088013454e-02 1.171976764422313633e-01 5.320555386084604294e-02 2.075966258788629256e-09 9.784078581418707010e-01 2.584560654382215944e+03
6.893658788079510202e+01 2.262803182088013454e-02 1.171976764422313633e-01 5.320555386084604294e-02 2.075966258788629256e-09 9.784078581418707010e-01 2.584560654382215944e+03
6.893658788079510202e+01 2.262803182088013454e-02 1.171976764422313633e-01 5.320555386084604294e-02 2.075966258788629256e-09 9.784078581418707010e-01 2.584560654382215944e+03
6.903885253275463185e+01 2.263162310121273960e-02 1.165878715255089931e-01 4.354801075674740590e-02 2.033597306277314081e-09 9.786633995301262656e-01 2.583395048548969498e+03
6.890510390043205291e+01 2.263930817890864172e-02 1.168839455772721497e-01 4.407225892020441571e-02 2.036948209365363222e-09 9.785808875109746063e-01 2.583764611995038194e+03
6.890510390043205291e+01 2.263930817890864172e-02 1.168839455772721497e-01 4.407225892020441571e-02 2.036948209365363222e-09 9.785808875109746063e-01 2.583764611995038194e+03
6.890510390043205291e+01 2.263930817890864172e-02 1.168839455772721497e-01 4.407225892020441571e-02 2.036948209365363222e-09 9.785808875109746063e-01 2.583764611995038194e+03
6.890510390043205291e+01 2.263930817890864172e-02 1.168839455772721497e-01 4.407225892020441571e-02 2.036948209365363222e-09 9.785808875109746063e-01 2.583764611995038194e+03
6.890510390043205291e+01 2.263930817890864172e-02 1.168839455772721497e-01 4.407225892020441571e-02 2.036948209365363222e-09 9.785808875109746063e-01 2.583764611995038194e+03
6.912007022956959190e+01 2.260094744722009399e-02 1.161995796318897323e-01 4.556949864200642020e-02 2.041051570240001763e-09 9.784758962558538498e-01 2.581771520868457628e+03
6.920792308711037322e+01 2.256703746041538797e-02 1.158281566611636532e-01 4.858733920948686558e-02 2.050179588686972870e-09 9.793470443496765654e-01 2.581564780720787439e+03
6.920792308711037322e+01 2.256703746041538797e-02 1.158281566611636532e-01 4.858733920948686558e-02 2.050179588686972870e-09 9.793470443496765654e-01 2.581564780720787439e+03
6.901671798612365194e+01 2.255652974166313940e-02 1.163403065197457231e-01 4.681414288221767694e-02 2.043892503760271280e-09 9.768511504017707292e-01 2.583089019377821387e+03
6.891204637112097942e+01 2.256581846532023858e-02 1.164133553371672347e-01 6.005207753424578188e-02 2.097725217910235467e-09 9.766706074394779780e-01 2.582172739807064318e+03
6.891204637112097942e+01 2.256581846532023858e-02 1.164133553371672347e-01 6.005207753424578188e-02 2.097725217910235467e-09 9.766706074394779780e-01 2.582172739807064318e+03
6.891204637112097942e+01 2.256581846532023858e-02 1.164133553371672347e-01 6.005207753424578188e-02 2.097725217910235467e-09 9.766706074394779780e-01 2.582172739807064318e+03
6.891204637112097942e+01 2.256581846532023858e-02 1.164133553371672347e-01 6.005207753424578188e-02 2.097725217910235467e-09 9.766706074394779780e-01 2.582172739807064318e+03
6.883645074440771339e+01 2.255864097924184172e-02 1.163722298819304946e-01 5.018031061735160614e-02 2.054625554067185649e-09 9.761824296811861812e-01 2.585977195985872640e+03
6.883645074440771339e+01 2.255864097924184172e-02 1.163722298819304946e-01 5.018031061735160614e-02 2.054625554067185649e-09 9.761824296811861812e-01 2.585977195985872640e+03
6.883645074440771339e+01 2.255864097924184172e-02 1.163722298819304946e-01 5.018031061735160614e-02 2.054625554067185649e-09 9.761824296811861812e-01 2.585977195985872640e+03
6.895853711694914523e+01 2.255859385224032870e-02 1.161437638683113921e-01 4.918317679747396393e-02 2.049402590743060205e-09 9.766126532662514625e-01 2.586611577234271863e+03
6.895853711694914523e+01 2.255859385224032870e-02 1.161437638683113921e-01 4.918317679747396393e-02 2.049402590743060205e-09 9.766126532662514625e-01 2.586611577234271863e+03
6.941126477171277998e+01 2.252248766571958438e-02 1.150262096390170796e-01 6.498056109523163426e-02 2.109159843747937048e-09 9.795851573556295655e-01 2.585483133087389433e+03
6.968511649501560612e+01 2.255546491276843105e-02 1.143268404854433373e-01 7.320149903033211503e-02 2.140566618924797160e-09 9.835238667267177659e-01 2.583554057417560216e+03
6.968511649501560612e+01 2.255546491276843105e-02 1.143268404854433373e-01 7.320149903033211503e-02 2.140566618924797160e-09 9.835238667267177659e-01 2.583554057417560216e+03
6.970759085106426767e+01 2.253816930333983962e-02 1.143299604238722234e-01 7.650353048747259022e-02 2.156372216207632525e-09 9.816406819961517316e-01 2.582275320939730591e+03
6.982878237174453773e+01 2.254683275440172441e-02 1.140568276674929493e-01 8.664148527826019686e-02 2.197129276945883266e-09 9.837795061199395841e-01 2.583145344913976260e+03
