6.982878237174453773e+01 2.254683275440172441e-02 1.140568276674929493e-01 8.664148527826019686e-02 2.197129276945883266e-09 9.837795061199395841e-01 2.583145344913976260e+03
6.973375702813062560e+01 2.254540656445886554e-02 1.143614181176570571e-01 7.519244604708058555e-02 2.151634143733644076e-09 9.831310308789865671e-01 2.581471905163422434e+03
6.956871673675740908e+01 2.252526861278558029e-02 1.148291751678887779e-01 6.631414285172873568e-02 2.117248054313797872e-09 9.802294282349036658e-01 2.581710022347169797e+03
6.956871673675740908e+01 2.252526861278558029e-02 1.148291751678887779e-01 6.631414285172873568e-02 2.117248054313797872e-09 9.802294282349036658e-01 2.581710022347169797e+03
6.923877201380793167e+01 2.253479733131137294e-02 1.154428711619497894e-01 7.436909692997407950e-02 2.151508218844867585e-09 9.794693581882537581e-01 2.582784762607333050e+03
6.923877201380793167e+01 2.253479733131137294e-02 1.154428711619497894e-01 7.436909692997407950e-02 2.151508218844867585e-09 9.794693581882537581e-01 2.582784762607333050e+03
6.923877201380793167e+01 2.253479733131137294e-02 1.154428711619497894e-01 7.436909692997407950e-02 2.151508218844867585e-09 9.794693581882537581e-01 2.582784762607333050e+03
6.947102417273033836e+01 2.254353188362696533e-02 1.147843148136414443e-01 7.563988933471905984e-02 2.153909919814149592e-09 9.823660021874791592e-01 2.582218579378337836e+03
6.931355379643545689e+01 2.254612025026609193e-02 1.149309195120464533e-01 7.768090938170785220e-02 2.164559303136741678e-09 9.807429471524107267e-01 2.581587570226840853e+03
6.931355379643545689e+01 2.254612025026609193e-02 1.149309195120464533e-01 7.768090938170785220e-02 2.164559303136741678e-09 9.807429471524107267e-01 2.581587570226840853e+03
6.931355379643545689e+01 2.254612025026609193e-02 1.149309195120464533e-01 7.768090938170785220e-02 2.164559303136741678e-09 9.807429471524107267e-01 2.581587570226840853e+03
6.908625497536408488e+01 2.257362462347357532e-02 1.155654768740394384e-01 6.744219998989518794e-02 2.128154186448459290e-09 9.782296049139037608e-01 2.580427490525085886e+03
6.909244619554316102e+01 2.254945733018654322e-02 1.155604425825643017e-01 6.540564283867832118e-02 2.120353000758465632e-09 9.765389437754922186e-01 2.579599046344181261e+03
6.910071106416515363e+01 2.254633821471607735e-02 1.157173780535408619e-01 7.511176998561963636e-02 2.161396884129538073e-09 9.765183197610393107e-01 2.578859624466447713e+03
6.917339012129396281e+01 2.249065983562708107e-02 1.152977834768870724e-01 6.761822804178363455e-02 2.126050442035736166e-09 9.760148602107463489e-01 2.581721476998804974e+03
6.918549238460443007e+01 2.251671508890039711e-02 1.152845917392834735e-01 7.827680120213988124e-02 2.172253468345783707e-09 9.772418681108255845e-01 2.579367115146960714e+03
6.918549238460443007e+01 2.251671508890039711e-02 1.152845917392834735e-01 7.827680120213988124e-02 2.172253468345783707e-09 9.772418681108255845e-01 2.579367115146960714e+03
6.918549238460443007e+01 2.251671508890039711e-02 1.152845917392834735e-01 7.827680120213988124e-02 2.172253468345783707e-09 9.772418681108255845e-01 2.579367115146960714e+03
6.926591334265907562e+01 2.254270533623055003e-02 1.151100156354887688e-01 7.952018403526218970e-02 2.177102862320646710e-09 9.784543298448445947e-01 2.579187194386553529e+03
6.926591334265907562e+01 2.254270533623055003e-02 1.151100156354887688e-01 7.952018403526218970e-02 2.177102862320646710e-09 9.784543298448445947e-01 2.579187194386553529e+03
6.879750377168004150e+01 2.254754803805167698e-02 1.163509428319508543e-01 7.837466952284435906e-02 2.176559052849862499e-09 9.753644548366816602e-01 2.580203251586487113e+03
6.879750377168004150e+01 2.254754803805167698e-02 1.163509428319508543e-01 7.837466952284435906e-02 2.176559052849862499e-09 9.753644548366816602e-01 2.580203251586487113e+03
6.846678628791987364e+01 2.260125151244699038e-02 1.173287705304657674e-01 8.016531731669150618e-02 2.189128193399628638e-09 9.741788273171697599e-01 2.580865042528437698e+03
6.834294866531587331e+01 2.256574514547912691e-02 1.177344763385019394e-01 5.839766404193009325e-02 2.100849868377020641e-09 9.724046507415226026e-01 2.579787015539383901e+03
6.834294866531587331e+01 2.256574514547912691e-02 1.177344763385019394e-01 5.839766404193009325e-02 2.100849868377020641e-09 9.724046507415226026e-01 2.579787015539383901e+03
6.847792825792311078e+01 2.254582406382323739e-02 1.174231236094703534e-01 5.189105872990919244e-02 2.072094719200905439e-09 9.726272065672993961e-01 2.580493840897132486e+03
6.825390857588190840e+01 2.256932069883776926e-02 1.181635721441638559e-01 5.550853389122262921e-02 2.088744710348578520e-09 9.728614226371126161e-01 2.581662855867924009e+03
6.850635345128361564e+01 2.259709233163710237e-02 1.174543412145613724e-01 7.549607620508161365e-02 2.169227438881894729e-09 9.757038156677299012e-01 2.580514092465572958e+03
6.841030000133794431e+01 2.263231429958016336e-02 1.178407754402213403e-01 8.126533680750158695e-02 2.196602737152115429e-09 9.754403370657773742e-01 2.581048620901913637e+03
6.813603313064393774e+01 2.263682957244673305e-02 1.185708595317748609e-01 7.396244345461176761e-02 2.167139801853994610e-09 9.744313572845448856e-01 2.583467470470305216e+03
6.762653175167413622e+01 2.264645717965267993e-02 1.198141703938857827e-01 6.325318870521953740e-02 2.130602295744372029e-09 9.685091324752516106e-01 2.584147820488477464e+03
6.798051767610883189e+01 2.268073138607494543e-02 1.188206319720193499e-01 8.319635854100326799e-02 2.211103593529730233e-09 9.727850101596856591e-01 2.583482923733238295e+03
6.799243158424219757e+01 2.268207259966291758e-02 1.188145685514261085e-01 9.047755478907491822e-02 2.241618263778402285e-09 9.743287141231415927e-01 2.585078263186139338e+03
6.799243158424219757e+01 2.268207259966291758e-02 1.188145685514261085e-01 9.047755478907491822e-02 2.241618263778402285e-09 9.743287141231415927e-01 2.585078263186139338e+03
6.828436585894375810e+01 2.264907897076886764e-02 1.178794505262669851e-01 7.482662724307981295e-02 2.172257734432396982e-09 9.748537885947111681e-01 2.582302704390317558e+03
6.841773927616445405e+01 2.264369288447067377e-02 1.173163474947710727e-01 8.588061802343473217e-02 2.214443646533578442e-09 9.763380910462081674e-01 2.583266629420750178e+03
6.843540722724274872e+01 2.262461606641271231e-02 1.173120768292360422e-01 8.593994665773349584e-02 2.214824831697350027e-09 9.752123171390227885e-01 2.581393707009250647e+03
6.835669062365730042e+01 2.262755517343963130e-02 1.171389157522031710e-01 7.986699438281663621e-02 2.189582713263233386e-09 9.740445498350490672e-01 2.584114020436480587e+03
6.863485040988831543e+01 2.261696671021124622e-02 1.165656589503832608e-01 9.932110670568844446e-02 2.270519870298451907e-09 9.757561348458347883e-01 2.582245692957332722e+03
6.863485040988831543e+01 2.261696671021124622e-02 1.165656589503832608e-01 9.932110670568844446e-02 2.270519870298451907e-09 9.757561348458347883e-01 2.582245692957332722e+03
6.863485040988831543e+01 2.261696671021124622e-02 1.165656589503832608e-01 9.932110670568844446e-02 2.270519870298451907e-09 9.757561348458347883e-01 2.582245692957332722e+03
6.863485040988831543e+01 2.261696671021124622e-02 1.165656589503832608e-01 9.932110670568844446e-02 2.270519870298451907e-09 9.757561348458347883e-01 2.582245692957332722e+03
6.863485040988831543e+01 2.261696671021124622e-02 1.165656589503832608e-01 9.932110670568844446e-02 2.270519870298451907e-09 9.757561348458347883e-01 2.582245692957332722e+03
6.871713455918674640e+01 2.258586437559745308e-02 1.163187321693352899e-01 8.203908619702060534e-02 2.196251144836994727e-09 9.754026790488965482e-01 2.580753054720198179e+03
6.887447307127897034e+01 2.257832373466503104e-02 1.159719197817452446e-01 8.985148277956775398e-02 2.226026179307100535e-09 9.770242617490267900e-01 2.580257502970575842e+03
6.887447307127897034e+01 2.257832373466503104e-02 1.159719197817452446e-01 8.985148277956775398e-02 2.226026179307100535e-09 9.770242617490267900e-01 2.580257502970575842e+03
6.877139095233167154e+01 2.257967193613381190e-02 1.163775261377844039e-01 9.136815228538767986e-02 2.233607386026304428e-09 9.764984210018993194e-01 2.580051896432819376e+03
6.877139095233167154e+01 2.257967193613381190e-02 1.163775261377844039e-01 9.136815228538767986e-02 2.233607386026304428e-09 9.764984210018993194e-01 2.580051896432819376e+03
6.877139095233167154e+01 2.257967193613381190e-02 1.163775261377844039e-01 9.136815228538767986e-02 2.233607386026304428e-09 9.764984210018993194e-01 2.580051896432819376e+03
6.877139095233167154e+01 2.257967193613381190e-02 1.163775261377844039e-01 9.136815228538767986e-02 2.233607386026304428e-09 9.764984210018993194e-01 2.580051896432819376e+03
6.878445346750650913e+01 2.255401292026080334e-02 1.163173335300184547e-01 8.197857884215813129e-02 2.195367701098228808e-09 9.739905299779606507e-01 2.579022353891868988e+03
6.893039606129930519e+01 2.258866049202853249e-02 1.161616262099627039e-01 8.112113333417128591e-02 2.192667681403109708e-09 9.762283488555086874e-01 2.578358881155982090e+03
6.884634646701890404e+01 2.259221925714766099e-02 1.163564521494284687e-01 8.058391292965631780e-02 2.192512695064238455e-09 9.751423766282464323e-01 2.578567347681695537e+03
6.900888660934352004e+01 2.258688830182055060e-02 1.160666840842702052e-01 8.178901486915730878e-02 2.198162142056018424e-09 9.753669811932971223e-01 2.578446494630978123e+03
6.907574003458171319e+01 2.256281910968653201e-02 1.159671684126660218e-01 7.448648991943851438e-02 2.166532260447938257e-09 9.757445053738335039e-01 2.578608385138581070e+03
6.929314211195986672e+01 2.253955960700929767e-02 1.152001331811440543e-01 7.442251919827889972e-02 2.162280744835139608e-09 9.765101447476112195e-01 2.579408704031892739e+03
6.897090898999580588e+01 2.255623151656521025e-02 1.161459969210044268e-01 7.141062282954745155e-02 2.154838256111086946e-09 9.740062976082136670e-01 2.578777255116293873e+03
6.905008060634186506e+01 2.254840588733594137e-02 1.158929623393030600e-01 5.011171570622806326e-02 2.063825852929256050e-09 9.750661106721715266e-01 2.580927248005802085e+03
6.905008060634186506e+01 2.254840588733594137e-02 1.158929623393030600e-01 5.011171570622806326e-02 2.063825852929256050e-09 9.750661106721715266e-01 2.580927248005802085e+03
6.905008060634186506e+01 2.254840588733594137e-02 1.158929623393030600e-01 5.011171570622806326e-02 2.063825852929256050e-09 9.750661106721715266e-01 2.580927248005802085e+03
6.936814537990929352e+01 2.253433627362938160e-02 1.150577924010347669e-01 4.858699631798830271e-02 2.053910882411347068e-09 9.770061977285712240e-01 2.582513999602174863e+03
6.915142926283397173e+01 2.250068794692519983e-02 1.154744642955602557e-01 3.265402561704959516e-02 1.988224798956521858e-09 9.741981512407156263e-01 2.583604966016524486e+03
6.929471730762486459e+01 2.250953941139984330e-02 1.153637458945977468e-01 4.511838674431821461e-02 2.038620113967726089e-09 9.756950587713646428e-01 2.581185690988686019e+03
6.915912431439262775e+01 2.249189034972596743e-02 1.155992368190987135e-01 4.583562263192164643e-02 2.042697327734803410e-09 9.742889900350402144e-01 2.581290203283463597e+03
6.915912431439262775e+01 2.249189034972596743e-02 1.155992368190987135e-01 4.583562263192164643e-02 2.042697327734803410e-09 9.742889900350402144e-01 2.581290203283463597e+03
6.915912431439262775e+01 2.249189034972596743e-02 1.155992368190987135e-01 4.583562263192164643e-02 2.042697327734803410e-09 9.742889900350402144e-01 2.581290203283463597e+03
6.915912431439262775e+01 2.249189034972596743e-02 1.155992368190987135e-01 4.583562263192164643e-02 2.042697327734803410e-09 9.742889900350402144e-01 2.581290203283463597e+03
6.915912431439262775e+01 2.249189034972596743e-02 1.155992368190987135e-01 4.583562263192164643e-02 2.042697327734803410e-09 9.742889900350402144e-01 2.581290203283463597e+03
6.915912431439262775e+01 2.249189034972596743e-02 1.155992368190987135e-01 4.583562263192164643e-02 2.042697327734803410e-09 9.742889900350402144e-01 2.581290203283463597e+03
6.894826503288069830e+01 2.245773938701040723e-02 1.160775441244897843e-01 4.092929927337186913e-02 2.024740139908422817e-09 9.713659100521629952e-01 2.584429552186150431e+03
6.880681305534852754e+01 2.247625983805584191e-02 1.164391352142580688e-01 4.281801659146686895e-02 2.037205077615066491e-09 9.698070014628134006e-01 2.583348368593898158e+03
6.880681305534852754e+01 2.247625983805584191e-02 1.164391352142580688e-01 4.281801659146686895e-02 2.037205077615066491e-09 9.698070014628134006e-01 2.583348368593898158e+03
6.880681305534852754e+01 2.247625983805584191e-02 1.164391352142580688e-01 4.281801659146686895e-02 2.037205077615066491e-09 9.698070014628134006e-01 2.583348368593898158e+03
6.891859791019169279e+01 2.248587402617359746e-02 1.159954234639637288e-01 5.563020823181408225e-02 2.087725232389031029e-09 9.719284594044871328e-01 2.580941924953495800e+03
6.885317495906640772e+01 2.247619883133099641e-02 1.159823333794751110e-01 7.668199836859802832e-02 2.177768728230906700e-09 9.705788343912015170e-01 2.581516800206378321e+03
6.885317495906640772e+01 2.247619883133099641e-02 1.159823333794751110e-01 7.668199836859802832e-02 2.177768728230906700e-09 9.705788343912015170e-01 2.581516800206378321e+03
6.911355786577382787e+01 2.247577432260768060e-02 1.153858187591050161e-01 7.494273178789744028e-02 2.168037074561989864e-09 9.734691295088314655e-01 2.581234341612624576e+03
6.914229257175571774e+01 2.248313018267825147e-02 1.154642876098948279e-01 7.531461888343406186e-02 2.170861001690652116e-09 9.729229382695265826e-01 2.581263688054060367e+03
6.901785163111708243e+01 2.250822158705098608e-02 1.158552975792135620e-01 8.518736762481406155e-02 2.213963095661826286e-09 9.734287148680910162e-01 2.578882933806587971e+03
6.872005186380002328e+01 2.251658163943703883e-02 1.165625302031939314e-01 7.453023798878345707e-02 2.169582305705911901e-09 9.726329380133810210e-01 2.578282072975526717e+03
6.873750466358629296e+01 2.251578651204862863e-02 1.162917831887842202e-01 8.821233687703854132e-02 2.223764884081795530e-09 9.735777671803667044e-01 2.578668703053559511e+03
6.873750466358629296e+01 2.251578651204862863e-02 1.162917831887842202e-01 8.821233687703854132e-02 2.223764884081795530e-09 9.735777671803667044e-01 2.578668703053559511e+03
6.873750466358629296e+01 2.251578651204862863e-02 1.162917831887842202e-01 8.821233687703854132e-02 2.223764884081795530e-09 9.735777671803667044e-01 2.578668703053559511e+03
6.880077696279640520e+01 2.250199889568327283e-02 1.160553320166792801e-01 8.678753090441057583e-02 2.216237653114013508e-09 9.739002958126242726e-01 2.578939843630668292e+03
6.876971638050328295e+01 2.250736965818296922e-02 1.161031543254930631e-01 7.196310581371216653e-02 2.153093711565623191e-09 9.743852753499865349e-01 2.579444472488100928e+03
6.876971638050328295e+01 2.250736965818296922e-02 1.161031543254930631e-01 7.196310581371216653e-02 2.153093711565623191e-09 9.743852753499865349e-01 2.579444472488100928e+03
6.876971638050328295e+01 2.250736965818296922e-02 1.161031543254930631e-01 7.196310581371216653e-02 2.153093711565623191e-09 9.743852753499865349e-01 2.579444472488100928e+03
6.876971638050328295e+01 2.250736965818296922e-02 1.161031543254930631e-01 7.196310581371216653e-02 2.153093711565623191e-09 9.743852753499865349e-01 2.579444472488100928e+03
6.876971638050328295e+01 2.250736965818296922e-02 1.161031543254930631e-01 7.196310581371216653e-02 2.153093711565623191e-09 9.743852753499865349e-01 2.579444472488100928e+03
6.905537298746605757e+01 2.251394070173481574e-02 1.152968576847886034e-01 8.038908985023467124e-02 2.185123610647314481e-09 9.778612033976360474e-01 2.581353879573833183e+03
6.901608698777558004e+01 2.247112415418701242e-02 1.153094896671960495e-01 8.244913323054872678e-02 2.192643818230589167e-09 9.762876312938891799e-01 2.579859915154748705e+03
6.901608698777558004e+01 2.247112415418701242e-02 1.153094896671960495e-01 8.244913323054872678e-02 2.192643818230589167e-09 9.762876312938891799e-01 2.579859915154748705e+03
6.901608698777558004e+01 2.247112415418701242e-02 1.153094896671960495e-01 8.244913323054872678e-02 2.192643818230589167e-09 9.762876312938891799e-01 2.579859915154748705e+03
6.901608698777558004e+01 2.247112415418701242e-02 1.153094896671960495e-01 8.244913323054872678e-02 2.192643818230589167e-09 9.762876312938891799e-01 2.579859915154748705e+03
6.910904343100111191e+01 2.247555263196827219e-02 1.151514040820992707e-01 9.123029238040877842e-02 2.230436100882823399e-09 9.761537726740252552e-01 2.579585213299925272e+03
6.873882381677684350e+01 2.246826354433746620e-02 1.160131008615471193e-01 6.398229141119585184e-02 2.119800675904663725e-09 9.727006977052178316e-01 2.580899398862849921e+03
6.862248094588994718e+01 2.250661660801921496e-02 1.166396129492269507e-01 6.897870934256919440e-02 2.144265863557161849e-09 9.732692162583137518e-01 2.578571189931395566e+03
6.847609523177979440e+01 2.249552345785761284e-02 1.168269183327896032e-01 6.962989406136049775e-02 2.147054844198873838e-09 9.726164866497427619e-01 2.579233666076722329e+03
6.847609523177979440e+01 2.249552345785761284e-02 1.168269183327896032e-01 6.962989406136049775e-02 2.147054844198873838e-09 9.726164866497427619e-01 2.579233666076722329e+03
6.847609523177979440e+01 2.249552345785761284e-02 1.168269183327896032e-01 6.962989406136049775e-02 2.147054844198873838e-09 9.726164866497427619e-01 2.579233666076722329e+03
6.847609523177979440e+01 2.249552345785761284e-02 1.168269183327896032e-01 6.962989406136049775e-02 2.147054844198873838e-09 9.726164866497427619e-01 2.579233666076722329e+03
6.850838654998071320e+01 2.251217402806646867e-02 1.168114470769839319e-01 7.109466095950013609e-02 2.151433703229277361e-09 9.736017395126228546e-01 2.579037583021751288e+03
6.857025952239943933e+01 2.249912279548783520e-02 1.167042369926449830e-01 7.859262470694913794e-02 2.182044655293634848e-09 9.746068879949317809e-01 2.578300928227778513e+03
6.830795621689988195e+01 2.248414692447254365e-02 1.174141918545845709e-01 6.424385570144186541e-02 2.126971461665615883e-09 9.709124891240352717e-01 2.578543735730722346e+03
6.819557749707283278e+01 2.250435195321203938e-02 1.177693495728469320e-01 5.371232460213316157e-02 2.085697525822302295e-09 9.702703221502803066e-01 2.579299181586447048e+03
6.819557749707283278e+01 2.250435195321203938e-02 1.177693495728469320e-01 5.371232460213316157e-02 2.085697525822302295e-09 9.702703221502803066e-01 2.579299181586447048e+03
6.819557749707283278e+01 2.250435195321203938e-02 1.177693495728469320e-01 5.371232460213316157e-02 2.085697525822302295e-09 9.702703221502803066e-01 2.579299181586447048e+03
6.819557749707283278e+01 2.250435195321203938e-02 1.177693495728469320e-01 5.371232460213316157e-02 2.085697525822302295e-09 9.702703221502803066e-01 2.579299181586447048e+03
6.819557749707283278e+01 2.250435195321203938e-02 1.177693495728469320e-01 5.371232460213316157e-02 2.085697525822302295e-09 9.702703221502803066e-01 2.579299181586447048e+03
6.836505931900319410e+01 2.248009549254879197e-02 1.174423612979674930e-01 5.166918657028064799e-02 2.074828994352683742e-09 9.713956092230567885e-01 2.578660166192200450e+03
6.803646691088110288e+01 2.250078498527667212e-02 1.182729452628863837e-01 4.622221869674431050e-02 2.054625664556316853e-09 9.694700790404817692e-01 2.580315020327852835e+03
6.810204061437488576e+01 2.247801694497598285e-02 1.182739671020788530e-01 6.148001388652937771e-02 2.121315855164519724e-09 9.693532848205306252e-01 2.577911148237987618e+03
6.836878805553652683e+01 2.247437301298172915e-02 1.176216577370366029e-01 7.398260238366471953e-02 2.169647554004031751e-09 9.728481794471126598e-01 2.576720690190781170e+03
6.855201765365784183e+01 2.250462066465540659e-02 1.169784666867638018e-01 8.564466112503442419e-02 2.215715238300454208e-09 9.769058878033223259e-01 2.578924759022889702e+03
6.855201765365784183e+01 2.250462066465540659e-02 1.169784666867638018e-01 8.564466112503442419e-02 2.215715238300454208e-09 9.769058878033223259e-01 2.578924759022889702e+03
6.866680798968050681e+01 2.247881978953531965e-02 1.164985991818949518e-01 8.108066194164044449e-02 2.195279950651302448e-09 9.766715862138584114e-01 2.579698298778943354e+03
6.866680798968050681e+01 2.247881978953531965e-02 1.164985991818949518e-01 8.108066194164044449e-02 2.195279950651302448e-09 9.766715862138584114e-01 2.579698298778943354e+03
6.881840782105604148e+01 2.246566602004885713e-02 1.160865754295968277e-01 8.333792695651354165e-02 2.201640681475763820e-09 9.777718866306204237e-01 2.578984282827258994e+03
6.881840782105604148e+01 2.246566602004885713e-02 1.160865754295968277e-01 8.333792695651354165e-02 2.201640681475763820e-09 9.777718866306204237e-01 2.578984282827258994e+03
6.860271048406654870e+01 2.246771459575172200e-02 1.166953964047585529e-01 8.316062391953668587e-02 2.203604106263925468e-09 9.756046443521496636e-01 2.577420361113895524e+03
6.855063104748967362e+01 2.246969213129347553e-02 1.170950663115749718e-01 7.007957768707137602e-02 2.152805293157766167e-09 9.739663816894474913e-01 2.577917350046720912e+03
6.855063104748967362e+01 2.246969213129347553e-02 1.170950663115749718e-01 7.007957768707137602e-02 2.152805293157766167e-09 9.739663816894474913e-01 2.577917350046720912e+03
6.833834113594906512e+01 2.253360155231754272e-02 1.178071926792373381e-01 7.246517872614073597e-02 2.166979621659828744e-09 9.734190030715400566e-01 2.579339189892512877e+03
6.849219362329716887e+01 2.254921502010737849e-02 1.174267172671553394e-01 8.060600690756489217e-02 2.197916659996975627e-09 9.761392362345433504e-01 2.579904870967846819e+03
6.838157551260090372e+01 2.254811421034870131e-02 1.179649309658645645e-01 8.039520098180824581e-02 2.199876232288352580e-09 9.750461878852835218e-01 2.579127232737456325e+03
6.858140676551573733e+01 2.253899949814242368e-02 1.174215805836928278e-01 8.477330361173887607e-02 2.214163139685831490e-09 9.774258170205259999e-01 2.579368490593016759e+03
6.847375483118025841e+01 2.255731736434031867e-02 1.178897089059550013e-01 9.394744601636201287e-02 2.254541789119505802e-09 9.773647111424821343e-01 2.580390476317394132e+03
6.837732367199335215e+01 2.255707525280182396e-02 1.181708383961501407e-01 9.466160183251942639e-02 2.260489889947749114e-09 9.769035453032003380e-01 2.580761087278370724e+03
6.866614618783511048e+01 2.251470894799336570e-02 1.172336805615934036e-01 9.127588116996196432e-02 2.241257827635025926e-09 9.795191964262388584e-01 2.581284379737517156e+03
6.866614618783511048e+01 2.251470894799336570e-02 1.172336805615934036e-01 9.127588116996196432e-02 2.241257827635025926e-09 9.795191964262388584e-01 2.581284379737517156e+03
6.887736068526059796e+01 2.249666399847509782e-02 1.167321876055424229e-01 9.262138420330300048e-02 2.244755291113514474e-09 9.799789821816834445e-01 2.580000104151979485e+03
6.862982040595792910e+01 2.245681985599638428e-02 1.173999986833676595e-01 7.517015845684696385e-02 2.172823128014043196e-09 9.774604862582868536e-01 2.579584144181130341e+03
6.862982040595792910e+01 2.245681985599638428e-02 1.173999986833676595e-01 7.517015845684696385e-02 2.172823128014043196e-09 9.774604862582868536e-01 2.579584144181130341e+03
6.877660434434153558e+01 2.244667605949102196e-02 1.169179879509639058e-01 8.401412231724644797e-02 2.206408608602836365e-09 9.790001600805902093e-01 2.579136658040667044e+03
6.882675290081772346e+01 2.246378840371631228e-02 1.166576718870974971e-01 7.911832120216499842e-02 2.184706015189726414e-09 9.791720619152523009e-01 2.579007680861103381e+03
6.898003591510162380e+01 2.241929650699828191e-02 1.162435950833449055e-01 7.635116331532569578e-02 2.169818381364786055e-09 9.801529550220028364e-01 2.579344796806681188e+03
6.886581466524653194e+01 2.246381768082825539e-02 1.164291283274508232e-01 8.404055485889970478e-02 2.203649102010344665e-09 9.807530744307619841e-01 2.580246307254762542e+03
6.886464001802745827e+01 2.248104910733576822e-02 1.165425993057131321e-01 8.839012280398629573e-02 2.224252445441081737e-09 9.807647114322314286e-01 2.580736984916286019e+03
6.859732594101939185e+01 2.247780515144044353e-02 1.172101421424279477e-01 7.051382054933415244e-02 2.153182083174662078e-09 9.780551360073828082e-01 2.581599241238058312e+03
6.859732594101939185e+01 2.247780515144044353e-02 1.172101421424279477e-01 7.051382054933415244e-02 2.153182083174662078e-09 9.780551360073828082e-01 2.581599241238058312e+03
6.859732594101939185e+01 2.247780515144044353e-02 1.172101421424279477e-01 7.051382054933415244e-02 2.153182083174662078e-09 9.780551360073828082e-01 2.581599241238058312e+03
6.879088321189658473e+01 2.245949780879826288e-02 1.166226748557376708e-01 7.493716053631410690e-02 2.169568575962508546e-09 9.797878812323594921e-01 2.583295467203513908e+03
6.879088321189658473e+01 2.245949780879826288e-02 1.166226748557376708e-01 7.493716053631410690e-02 2.169568575962508546e-09 9.797878812323594921e-01 2.583295467203513908e+03
6.862904247088911802e+01 2.243586872324919781e-02 1.171279581123606806e-01 6.646935349699385764e-02 2.138165363396674372e-09 9.773176666548718527e-01 2.582656037102458868e+03
6.849078374082746734e+01 2.241306177156167714e-02 1.174557294971020488e-01 6.228966305248847396e-02 2.122318619756897225e-09 9.753054911029263030e-01 2.580518988725407326e+03
6.849078374082746734e+01 2.241306177156167714e-02 1.174557294971020488e-01 6.228966305248847396e-02 2.122318619756897225e-09 9.753054911029263030e-01 2.580518988725407326e+03
6.849078374082746734e+01 2.241306177156167714e-02 1.174557294971020488e-01 6.228966305248847396e-02 2.122318619756897225e-09 9.753054911029263030e-01 2.580518988725407326e+03
6.849078374082746734e+01 2.241306177156167714e-02 1.174557294971020488e-01 6.228966305248847396e-02 2.122318619756897225e-09 9.753054911029263030e-01 2.580518988725407326e+03
6.814715813597501892e+01 2.244095139121004417e-02 1.183687238603012420e-01 5.159874699070536586e-02 2.078699466903886732e-09 9.736445154394205437e-01 2.579146981319148836e+03
6.792801749458733696e+01 2.241170214274219516e-02 1.187054082215332901e-01 3.763053172251031725e-02 2.022068735982730353e-09 9.704762503646935379e-01 2.579385215038631031e+03
6.772254507508912980e+01 2.242387617092993918e-02 1.192346115346522295e-01 4.261491233807228329e-02 2.044691818845724193e-09 9.704848407755343187e-01 2.579040740490129792e+03
6.796935156792869748e+01 2.239461164380221470e-02 1.186881088835484294e-01 5.125509636875301422e-02 2.077466838824615898e-09 9.715354037284791300e-01 2.578246616948053997e+03
6.796935156792869748e+01 2.239461164380221470e-02 1.186881088835484294e-01 5.125509636875301422e-02 2.077466838824615898e-09 9.715354037284791300e-01 2.578246616948053997e+03
6.796935156792869748e+01 2.239461164380221470e-02 1.186881088835484294e-01 5.125509636875301422e-02 2.077466838824615898e-09 9.715354037284791300e-01 2.578246616948053997e+03
6.796935156792869748e+01 2.239461164380221470e-02 1.186881088835484294e-01 5.125509636875301422e-02 2.077466838824615898e-09 9.715354037284791300e-01 2.578246616948053997e+03
6.796935156792869748e+01 2.239461164380221470e-02 1.186881088835484294e-01 5.125509636875301422e-02 2.077466838824615898e-09 9.715354037284791300e-01 2.578246616948053997e+03
6.792380677298643832e+01 2.240623039759943175e-02 1.188889957082687049e-01 7.540483480329931987e-02 2.179001874365010874e-09 9.716221023824886949e-01 2.578240113220465901e+03
6.792380677298643832e+01 2.240623039759943175e-02 1.188889957082687049e-01 7.540483480329931987e-02 2.179001874365010874e-09 9.716221023824886949e-01 2.578240113220465901e+03
6.784588265122862083e+01 2.241258374946611745e-02 1.190503016914134099e-01 6.692661044865953757e-02 2.144933178629582226e-09 9.694342282161032553e-01 2.578447402753757160e+03
6.798702232072855622e+01 2.243060509669178235e-02 1.186634584705382606e-01 7.680723224774710367e-02 2.186056111875204839e-09 9.714644826380754994e-01 2.576980469164283932e+03
6.800093218572271780e+01 2.242416779543601052e-02 1.184297974178344370e-01 6.800052466679225305e-02 2.147202289247337457e-09 9.719630879810665647e-01 2.576923888658791384e+03
6.838852328670785141e+01 2.241015788324228486e-02 1.173398912221024631e-01 8.373706306842630676e-02 2.207818936425297795e-09 9.748407940433958530e-01 2.576576964832843714e+03
6.838852328670785141e+01 2.241015788324228486e-02 1.173398912221024631e-01 8.373706306842630676e-02 2.207818936425297795e-09 9.748407940433958530e-01 2.576576964832843714e+03
6.838852328670785141e+01 2.241015788324228486e-02 1.173398912221024631e-01 8.373706306842630676e-02 2.207818936425297795e-09 9.748407940433958530e-01 2.576576964832843714e+03
6.838852328670785141e+01 2.241015788324228486e-02 1.173398912221024631e-01 8.373706306842630676e-02 2.207818936425297795e-09 9.748407940433958530e-01 2.576576964832843714e+03
6.825407591153589237e+01 2.241628019481397074e-02 1.177599076338791545e-01 9.627183703485890642e-02 2.263288339602127776e-09 9.729850999935575340e-01 2.579041242617198805e+03
6.828569430237817528e+01 2.236914599107107243e-02 1.177751837134888707e-01 9.072759761959653391e-02 2.238215121782302002e-09 9.724067834706899838e-01 2.581256071157586121e+03
6.852468358393704762e+01 2.240650659947550014e-02 1.170766647238931230e-01 9.926278766530316489e-02 2.270708273163332901e-09 9.766740406751959203e-01 2.579554814622122649e+03
6.852468358393704762e+01 2.240650659947550014e-02 1.170766647238931230e-01 9.926278766530316489e-02 2.270708273163332901e-09 9.766740406751959203e-01 2.579554814622122649e+03
6.839019257069962521e+01 2.239127820254181722e-02 1.171918058233299559e-01 9.453778472347880435e-02 2.251200328410219933e-09 9.747087294515905942e-01 2.578961200403861312e+03
6.839019257069962521e+01 2.239127820254181722e-02 1.171918058233299559e-01 9.453778472347880435e-02 2.251200328410219933e-09 9.747087294515905942e-01 2.578961200403861312e+03
6.839019257069962521e+01 2.239127820254181722e-02 1.171918058233299559e-01 9.453778472347880435e-02 2.251200328410219933e-09 9.747087294515905942e-01 2.578961200403861312e+03
6.839838988975613177e+01 2.238428754129758586e-02 1.171465373582517427e-01 8.918105676570385609e-02 2.229199514554998880e-09 9.740457780875652061e-01 2.577604893194373744e+03
6.823736844305271632e+01 2.238755465577835224e-02 1.173855331303175487e-01 8.691913237285434080e-02 2.220756355166282419e-09 9.720649482014311893e-01 2.578661246011537514e+03
6.840534642504441365e+01 2.239942983001023957e-02 1.169121787778120980e-01 7.829372292761727081e-02 2.184346654697565706e-09 9.732093909627752559e-01 2.577506378288051565e+03
6.851622336420942361e+01 2.241347611018197281e-02 1.168526341937176638e-01 9.299860343425048193e-02 2.245016288178619413e-09 9.751559155990053851e-01 2.577238441810136464e+03
6.851622336420942361e+01 2.241347611018197281e-02 1.168526341937176638e-01 9.299860343425048193e-02 2.245016288178619413e-09 9.751559155990053851e-01 2.577238441810136464e+03
6.830585816515605302e+01 2.244449040066394743e-02 1.173043711827102542e-01 7.955381147338697057e-02 2.192162292621584004e-09 9.741085851474623469e-01 2.578287083437157435e+03
6.830585816515605302e+01 2.244449040066394743e-02 1.173043711827102542e-01 7.955381147338697057e-02 2.192162292621584004e-09 9.741085851474623469e-01 2.578287083437157435e+03
6.820416081721718626e+01 2.245099196846801412e-02 1.175533763934292070e-01 7.881757921182122595e-02 2.189507506683142325e-09 9.741240933420308723e-01 2.578750808184146990e+03
6.783474930332073427e+01 2.244434458912686337e-02 1.182131796121566880e-01 6.822865103233491380e-02 2.147786770129369774e-09 9.708172972576789572e-01 2.580593282112315137e+03
6.781769990348882970e+01 2.245985980619917902e-02 1.184728502861447652e-01 6.547441591640776326e-02 2.137558700805741961e-09 9.711964381948501313e-01 2.580016538505260542e+03
6.804345761859912045e+01 2.245064556622115848e-02 1.178388826284243324e-01 6.866631718130827844e-02 2.148440618754643965e-09 9.726060408174266314e-01 2.580230876566497045e+03
6.795894432506558758e+01 2.242192675465224522e-02 1.178732904195172182e-01 5.999726384965650694e-02 2.109110560407279313e-09 9.718223404887506023e-01 2.579945276563164043e+03
6.789845651028548446e+01 2.244747000345990659e-02 1.182055300985415530e-01 6.500006593512924757e-02 2.134728373216084950e-09 9.712139794891730959e-01 2.579892760827731763e+03
6.787633244947505773e+01 2.243929561542701637e-02 1.182593633091227614e-01 6.506703751836850902e-02 2.135296505947973695e-09 9.715189793958767250e-01 2.580086159098983444e+03
6.787633244947505773e+01 2.243929561542701637e-02 1.182593633091227614e-01 6.506703751836850902e-02 2.135296505947973695e-09 9.715189793958767250e-01 2.580086159098983444e+03
6.798387876106245642e+01 2.244152417413538755e-02 1.178055160303759091e-01 7.462242861261854376e-02 2.171023595878048708e-09 9.734568352555278414e-01 2.580980030151279607e+03
6.781261709543947802e+01 2.246199322709659801e-02 1.182886047769877436e-01 7.431719764401427397e-02 2.171386293002192995e-09 9.729729394799461195e-01 2.581860322511912727e+03
6.790689588268223531e+01 2.246765609951830583e-02 1.180438919083758725e-01 7.663891510357526138e-02 2.180353550325405944e-09 9.738032783462815534e-01 2.582375844099841288e+03
6.756967077596016225e+01 2.249650263245627640e-02 1.190968508067749010e-01 7.595308555551058549e-02 2.182940015217335994e-09 9.713437279278646086e-01 2.582172122394183589e+03
6.756967077596016225e+01 2.249650263245627640e-02 1.190968508067749010e-01 7.595308555551058549e-02 2.182940015217335994e-09 9.713437279278646086e-01 2.582172122394183589e+03
6.757285075763317650e+01 2.248333486437702547e-02 1.192041215684330191e-01 7.010180113436799421e-02 2.161809007173519647e-09 9.685533836172046662e-01 2.579923531325984186e+03
6.757285075763317650e+01 2.248333486437702547e-02 1.192041215684330191e-01 7.010180113436799421e-02 2.161809007173519647e-09 9.685533836172046662e-01 2.579923531325984186e+03
6.757285075763317650e+01 2.248333486437702547e-02 1.192041215684330191e-01 7.010180113436799421e-02 2.161809007173519647e-09 9.685533836172046662e-01 2.579923531325984186e+03
6.759618231871391458e+01 2.249126848379245230e-02 1.192154352328084477e-01 7.069189310646309399e-02 2.165328616927083645e-09 9.695032169029524916e-01 2.580869017958959375e+03
6.742673947807369927e+01 2.247375205321580985e-02 1.194495249862162073e-01 7.332872091008225957e-02 2.175820626047706790e-09 9.674149050725696641e-01 2.580540472086227055e+03
6.785653642419758569e+01 2.243142827229095693e-02 1.180757830530130975e-01 7.457241455100427352e-02 2.173007012181704421e-09 9.707385100450046655e-01 2.580169966841504902e+03
6.781270979945141164e+01 2.244209077112901268e-02 1.182091207979089759e-01 6.451984606352539897e-02 2.130776930708862074e-09 9.711688334213751661e-01 2.581103551028584207e+03
6.791960084226757033e+01 2.243051413489019832e-02 1.178166051091408262e-01 7.384161520308681059e-02 2.167167560828375435e-09 9.718626156832451679e-01 2.581105863596119889e+03
