6.927437405559668093e+01 2.268951620648334069e-02 1.157842130221652943e-01 1.018776197480428108e-01 2.281330467595682757e-09 9.791613740328558579e-01 2.579074555952533046e+03
6.959147655750184924e+01 2.267684274112795328e-02 1.148831025286387586e-01 1.158791854802476567e-01 2.336091886997995591e-09 9.825831328180196778e-01 2.581001718880806038e+03
6.959147655750184924e+01 2.267684274112795328e-02 1.148831025286387586e-01 1.158791854802476567e-01 2.336091886997995591e-09 9.825831328180196778e-01 2.581001718880806038e+03
6.959147655750184924e+01 2.267684274112795328e-02 1.148831025286387586e-01 1.158791854802476567e-01 2.336091886997995591e-09 9.825831328180196778e-01 2.581001718880806038e+03
6.950548680245944411e+01 2.263542060774593329e-02 1.150408509021342979e-01 1.031505737768442510e-01 2.282903168562197454e-09 9.806638310539993464e-01 2.578521071203104839e+03
6.950548680245944411e+01 2.263542060774593329e-02 1.150408509021342979e-01 1.031505737768442510e-01 2.282903168562197454e-09 9.806638310539993464e-01 2.578521071203104839e+03
6.930658544684588662e+01 2.261964288229761227e-02 1.155263882316628909e-01 9.291396591576470132e-02 2.242489227926693984e-09 9.778528226999955164e-01 2.577847827070564563e+03
6.924571430995410992e+01 2.258452283596786361e-02 1.155650923381496414e-01 8.849003316841107247e-02 2.223038260219263155e-09 9.764712790870456738e-01 2.577540584520159427e+03
6.924571430995410992e+01 2.258452283596786361e-02 1.155650923381496414e-01 8.849003316841107247e-02 2.223038260219263155e-09 9.764712790870456738e-01 2.577540584520159427e+03
6.924571430995410992e+01 2.258452283596786361e-02 1.155650923381496414e-01 8.849003316841107247e-02 2.223038260219263155e-09 9.764712790870456738e-01 2.577540584520159427e+03
6.921683720067156287e+01 2.259820661193863087e-02 1.155708301749578115e-01 9.961172751296236416e-02 2.271095088429229503e-09 9.764811771605599322e-01 2.577887065095290836e+03
6.921683720067156287e+01 2.259820661193863087e-02 1.155708301749578115e-01 9.961172751296236416e-02 2.271095088429229503e-09 9.764811771605599322e-01 2.577887065095290836e+03
6.921683720067156287e+01 2.259820661193863087e-02 1.155708301749578115e-01 9.961172751296236416e-02 2.271095088429229503e-09 9.764811771605599322e-01 2.577887065095290836e+03
6.904152277719981612e+01 2.259610311794020207e-02 1.161625313917944158e-01 8.778393871925105341e-02 2.223880577601628356e-09 9.756926113944782708e-01 2.577494129211089785e+03
6.905046023600984029e+01 2.262466836471590387e-02 1.161546084838485510e-01 9.971718312704934417e-02 2.276745090928815744e-09 9.747889809341973022e-01 2.577880470246101140e+03
6.908393146179312794e+01 2.262456809595911333e-02 1.164719182090780680e-01 9.647473445109613910e-02 2.266121906675009861e-09 9.750281254349124627e-01 2.578176427522574159e+03
6.908393146179312794e+01 2.262456809595911333e-02 1.164719182090780680e-01 9.647473445109613910e-02 2.266121906675009861e-09 9.750281254349124627e-01 2.578176427522574159e+03
6.889296867236782873e+01 2.264749682346459125e-02 1.171772876057599055e-01 1.025767547634616611e-01 2.295949023438498294e-09 9.746975112989058054e-01 2.579137503596440183e+03
6.889296867236782873e+01 2.264749682346459125e-02 1.171772876057599055e-01 1.025767547634616611e-01 2.295949023438498294e-09 9.746975112989058054e-01 2.579137503596440183e+03
6.860479563283868742e+01 2.266576652808714384e-02 1.177347740131368253e-01 1.042290360913595143e-01 2.306849041519711953e-09 9.724702124850795881e-01 2.579364270531818420e+03
6.860479563283868742e+01 2.266576652808714384e-02 1.177347740131368253e-01 1.042290360913595143e-01 2.306849041519711953e-09 9.724702124850795881e-01 2.579364270531818420e+03
6.867256788615233631e+01 2.265918949268761612e-02 1.174573848694236700e-01 1.016991594289880368e-01 2.293620019646745770e-09 9.743122014322487257e-01 2.579039718766029182e+03
6.854838931969956661e+01 2.264799519699281852e-02 1.178233879747443841e-01 9.950562692702427658e-02 2.284973740819702830e-09 9.731114364293030894e-01 2.578882190689907475e+03
6.854838931969956661e+01 2.264799519699281852e-02 1.178233879747443841e-01 9.950562692702427658e-02 2.284973740819702830e-09 9.731114364293030894e-01 2.578882190689907475e+03
6.870113844792955149e+01 2.265894195640243830e-02 1.174798373947885388e-01 1.015667342703382575e-01 2.291822500947994500e-09 9.751129893094050427e-01 2.579136622273228568e+03
6.875359049480930196e+01 2.267172293290299623e-02 1.173229073447029647e-01 1.001075163829361625e-01 2.284117932284621411e-09 9.759893329093655145e-01 2.579529582311423837e+03
6.865026839167305184e+01 2.265107051836167187e-02 1.174123944770160827e-01 8.687239697183858633e-02 2.229301416085962765e-09 9.734468702357333969e-01 2.579733495477276392e+03
6.865026839167305184e+01 2.265107051836167187e-02 1.174123944770160827e-01 8.687239697183858633e-02 2.229301416085962765e-09 9.734468702357333969e-01 2.579733495477276392e+03
6.865026839167305184e+01 2.265107051836167187e-02 1.174123944770160827e-01 8.687239697183858633e-02 2.229301416085962765e-09 9.734468702357333969e-01 2.579733495477276392e+03
6.865026839167305184e+01 2.265107051836167187e-02 1.174123944770160827e-01 8.687239697183858633e-02 2.229301416085962765e-09 9.734468702357333969e-01 2.579733495477276392e+03
6.844563533403523081e+01 2.267709641247135297e-02 1.180299719185757684e-01 8.511974595371576968e-02 2.224311366247144268e-09 9.719294424545555922e-01 2.580027716506510387e+03
6.844563533403523081e+01 2.267709641247135297e-02 1.180299719185757684e-01 8.511974595371576968e-02 2.224311366247144268e-09 9.719294424545555922e-01 2.580027716506510387e+03
6.883423134400565857e+01 2.265209670111049955e-02 1.169875175041133059e-01 8.217542273633279826e-02 2.206516767248694951e-09 9.743184871863351804e-01 2.579654880381642215e+03
6.883423134400565857e+01 2.265209670111049955e-02 1.169875175041133059e-01 8.217542273633279826e-02 2.206516767248694951e-09 9.743184871863351804e-01 2.579654880381642215e+03
6.891841677877243910e+01 2.267092297585051458e-02 1.167568795495399353e-01 9.432849453906826109e-02 2.256076784981834677e-09 9.763838779579619986e-01 2.579158889490254296e+03
6.886744071769922471e+01 2.265838887868869278e-02 1.168417147097896291e-01 9.541670148045972022e-02 2.261226008502736366e-09 9.753428119295115550e-01 2.578352787938706570e+03
6.886744071769922471e+01 2.265838887868869278e-02 1.168417147097896291e-01 9.541670148045972022e-02 2.261226008502736366e-09 9.753428119295115550e-01 2.578352787938706570e+03
6.883345364820547729e+01 2.265783308598605383e-02 1.169517316479454644e-01 1.021407645928966157e-01 2.288919486843742234e-09 9.761953575984398945e-01 2.578732103914981963e+03
6.876668183414477653e+01 2.262419033205966684e-02 1.167300672442253828e-01 9.096333926604581455e-02 2.241410049590516679e-09 9.742112465645353936e-01 2.578578408914885586e+03
6.876668183414477653e+01 2.262419033205966684e-02 1.167300672442253828e-01 9.096333926604581455e-02 2.241410049590516679e-09 9.742112465645353936e-01 2.578578408914885586e+03
6.873946491916663604e+01 2.261695122030490251e-02 1.168512762502681296e-01 8.809140790492352158e-02 2.229569862776822550e-09 9.733941804631471850e-01 2.578165511984247132e+03
6.858699331271326116e+01 2.264133171025184757e-02 1.172380092787804334e-01 8.419194613082187084e-02 2.215478709501678820e-09 9.730492726963066996e-01 2.579779440048410834e+03
6.847698391382115801e+01 2.262761370677556297e-02 1.177184482010593947e-01 7.747619559096957653e-02 2.190043159546936254e-09 9.715450051273220033e-01 2.579533875116003856e+03
6.830485797779715540e+01 2.264437119064692874e-02 1.184505984400600898e-01 7.910151610217776297e-02 2.202174728917241914e-09 9.689602398848217168e-01 2.580414110531046845e+03
6.830485797779715540e+01 2.264437119064692874e-02 1.184505984400600898e-01 7.910151610217776297e-02 2.202174728917241914e-09 9.689602398848217168e-01 2.580414110531046845e+03
6.830485797779715540e+01 2.264437119064692874e-02 1.184505984400600898e-01 7.910151610217776297e-02 2.202174728917241914e-09 9.689602398848217168e-01 2.580414110531046845e+03
6.830485797779715540e+01 2.264437119064692874e-02 1.184505984400600898e-01 7.910151610217776297e-02 2.202174728917241914e-09 9.689602398848217168e-01 2.580414110531046845e+03
6.839853043138403166e+01 2.263143877288967265e-02 1.182408444823850463e-01 8.028492967701011951e-02 2.207610406916517958e-09 9.694573372230399499e-01 2.580874766254957649e+03
6.803435344935880380e+01 2.264956530387450540e-02 1.192712920925827480e-01 6.700010746833018338e-02 2.156324274850552837e-09 9.673693605160689213e-01 2.583384449727948777e+03
6.833340331652915722e+01 2.263956748664102889e-02 1.184323033700599992e-01 7.934449771112113414e-02 2.205614770096011833e-09 9.696588065488045416e-01 2.582429704617330572e+03
6.833340331652915722e+01 2.263956748664102889e-02 1.184323033700599992e-01 7.934449771112113414e-02 2.205614770096011833e-09 9.696588065488045416e-01 2.582429704617330572e+03
6.833340331652915722e+01 2.263956748664102889e-02 1.184323033700599992e-01 7.934449771112113414e-02 2.205614770096011833e-09 9.696588065488045416e-01 2.582429704617330572e+03
6.820459845671267374e+01 2.263316419022673096e-02 1.188458848927944206e-01 7.789226222499044672e-02 2.201790061616585915e-09 9.672884460243642568e-01 2.582666203130051144e+03
6.848446251590338818e+01 2.262057960812331042e-02 1.179782390384201823e-01 8.266883209773268071e-02 2.217665813639219158e-09 9.695174388963407885e-01 2.581211149791349271e+03
6.848446251590338818e+01 2.262057960812331042e-02 1.179782390384201823e-01 8.266883209773268071e-02 2.217665813639219158e-09 9.695174388963407885e-01 2.581211149791349271e+03
6.855513267782089315e+01 2.259071938327093104e-02 1.177145649497927521e-01 7.857398672795057326e-02 2.198226683414775963e-09 9.691935193476201027e-01 2.580894018895253339e+03
6.858360317800449479e+01 2.262876179709074481e-02 1.176341284034280593e-01 8.368590022211284951e-02 2.220020047864014897e-09 9.699283491883544661e-01 2.580851540568020937e+03
6.858360317800449479e+01 2.262876179709074481e-02 1.176341284034280593e-01 8.368590022211284951e-02 2.220020047864014897e-09 9.699283491883544661e-01 2.580851540568020937e+03
6.905720341803353790e+01 2.261849773728800278e-02 1.165494429609833515e-01 1.054411659762916620e-01 2.304748838363999424e-09 9.748685269591151892e-01 2.578518739150234069e+03
6.876149085710486020e+01 2.263162774730244700e-02 1.172704916100471562e-01 9.755929087220374663e-02 2.274184065880547733e-09 9.727941139474232113e-01 2.578475980361669826e+03
6.893134991283483259e+01 2.264340356949275448e-02 1.167301500444747342e-01 9.693217565608398811e-02 2.269255978687599748e-09 9.744572898786234560e-01 2.578175756248529069e+03
6.893134991283483259e+01 2.264340356949275448e-02 1.167301500444747342e-01 9.693217565608398811e-02 2.269255978687599748e-09 9.744572898786234560e-01 2.578175756248529069e+03
6.930537702339533723e+01 2.262013942660919333e-02 1.157883823173482263e-01 1.021153212434850049e-01 2.285109607376093246e-09 9.762305745213124553e-01 2.578010718520929913e+03
6.930537702339533723e+01 2.262013942660919333e-02 1.157883823173482263e-01 1.021153212434850049e-01 2.285109607376093246e-09 9.762305745213124553e-01 2.578010718520929913e+03
6.930537702339533723e+01 2.262013942660919333e-02 1.157883823173482263e-01 1.021153212434850049e-01 2.285109607376093246e-09 9.762305745213124553e-01 2.578010718520929913e+03
6.930537702339533723e+01 2.262013942660919333e-02 1.157883823173482263e-01 1.021153212434850049e-01 2.285109607376093246e-09 9.762305745213124553e-01 2.578010718520929913e+03
6.921958842780584575e+01 2.264356511275385231e-02 1.159691529100376067e-01 9.593255603927064445e-02 2.261185972119138050e-09 9.758747480667104846e-01 2.578258117056569063e+03
6.893549706339767624e+01 2.270125683092310762e-02 1.169165503947355300e-01 1.092257244720065273e-01 2.322270331323994498e-09 9.743028152038019085e-01 2.580127354979094889e+03
6.921029115527714737e+01 2.269017656598937629e-02 1.162835944796584420e-01 1.112620289284779601e-01 2.327483829708674238e-09 9.765620385686821781e-01 2.579723497096739266e+03
6.927225482257748013e+01 2.264326209361769079e-02 1.159439864091102307e-01 1.050574508015931635e-01 2.296780262243661985e-09 9.773279807553454379e-01 2.578579020240695627e+03
6.909682933847054187e+01 2.264587914086185066e-02 1.163451007694114858e-01 1.011643122641307097e-01 2.284630440030663683e-09 9.743122544194829926e-01 2.578464688629803277e+03
6.859896167171139325e+01 2.264327433196080402e-02 1.177305446703410946e-01 8.512747131401041112e-02 2.223279809969942718e-09 9.690848573420427492e-01 2.580823198882791985e+03
6.889779341427367854e+01 2.259562261431900462e-02 1.169128790594293754e-01 8.340289719817312042e-02 2.211415349219076120e-09 9.704067622158437656e-01 2.580971647273802773e+03
6.888227741999601506e+01 2.258982845615303131e-02 1.170231411410597028e-01 8.284043570957284885e-02 2.208360828144785041e-09 9.703124433837932994e-01 2.582015184134134870e+03
6.888227741999601506e+01 2.258982845615303131e-02 1.170231411410597028e-01 8.284043570957284885e-02 2.208360828144785041e-09 9.703124433837932994e-01 2.582015184134134870e+03
6.888227741999601506e+01 2.258982845615303131e-02 1.170231411410597028e-01 8.284043570957284885e-02 2.208360828144785041e-09 9.703124433837932994e-01 2.582015184134134870e+03
6.888227741999601506e+01 2.258982845615303131e-02 1.170231411410597028e-01 8.284043570957284885e-02 2.208360828144785041e-09 9.703124433837932994e-01 2.582015184134134870e+03
6.888227741999601506e+01 2.258982845615303131e-02 1.170231411410597028e-01 8.284043570957284885e-02 2.208360828144785041e-09 9.703124433837932994e-01 2.582015184134134870e+03
6.888227741999601506e+01 2.258982845615303131e-02 1.170231411410597028e-01 8.284043570957284885e-02 2.208360828144785041e-09 9.703124433837932994e-01 2.582015184134134870e+03
6.876513930609212366e+01 2.257893189101920980e-02 1.172691926527404394e-01 8.438952655859117968e-02 2.214664627980712775e-09 9.698284445830204215e-01 2.583134546930484248e+03
6.894750291875402581e+01 2.257311627743732729e-02 1.166139636109859434e-01 8.015946381841290713e-02 2.193202268083021147e-09 9.706295935740100189e-01 2.582156161763253294e+03
6.894750291875402581e+01 2.257311627743732729e-02 1.166139636109859434e-01 8.015946381841290713e-02 2.193202268083021147e-09 9.706295935740100189e-01 2.582156161763253294e+03
6.874646121133528709e+01 2.258939628940458827e-02 1.169895702530917153e-01 7.615722404088798303e-02 2.176928353919403571e-09 9.694989481581949287e-01 2.582549133390613861e+03
6.876331236360204002e+01 2.259048165906963127e-02 1.168336687742562163e-01 7.271468616269992358e-02 2.159890840628622206e-09 9.709289427576380804e-01 2.581072877036403497e+03
6.880510909817276399e+01 2.256685249772515459e-02 1.167719986261425008e-01 6.659877182839657461e-02 2.134442206125598554e-09 9.710965116279917098e-01 2.580645025549086313e+03
6.880510909817276399e+01 2.256685249772515459e-02 1.167719986261425008e-01 6.659877182839657461e-02 2.134442206125598554e-09 9.710965116279917098e-01 2.580645025549086313e+03
6.884259861833939453e+01 2.258367531880073331e-02 1.168224492500453404e-01 7.581404548715552083e-02 2.174042921310287851e-09 9.722209436317099662e-01 2.579243802449712803e+03
6.884259861833939453e+01 2.258367531880073331e-02 1.168224492500453404e-01 7.581404548715552083e-02 2.174042921310287851e-09 9.722209436317099662e-01 2.579243802449712803e+03
6.893022240332302886e+01 2.257523334231209891e-02 1.165213009494049101e-01 6.866593783534452600e-02 2.142716989433430758e-09 9.723498325603991965e-01 2.579405540969669346e+03
6.893706609702601895e+01 2.259738115600465683e-02 1.167665902402041517e-01 5.383448319880070054e-02 2.080261351041905147e-09 9.732625632894170709e-01 2.580968384345161667e+03
6.911281091316146785e+01 2.258935699197385169e-02 1.162851402504972154e-01 6.242441371979197406e-02 2.114654228096376124e-09 9.745505497251624183e-01 2.579522821579994343e+03
6.942888904256928129e+01 2.258397157001700711e-02 1.154198933841014130e-01 7.630781834144932663e-02 2.168881697619906679e-09 9.774801580081614594e-01 2.578400721309087658e+03
6.923403536541931658e+01 2.259390993418268143e-02 1.159446005719861894e-01 6.885966140272578584e-02 2.141370207961297497e-09 9.743675859734591826e-01 2.579405469155595711e+03
6.923403536541931658e+01 2.259390993418268143e-02 1.159446005719861894e-01 6.885966140272578584e-02 2.141370207961297497e-09 9.743675859734591826e-01 2.579405469155595711e+03
6.934255026640516917e+01 2.257937162637040779e-02 1.155733360303990986e-01 7.438268320115752619e-02 2.164099025647416173e-09 9.735192459569678158e-01 2.580485678782712966e+03
6.936556390198398958e+01 2.257326784786704843e-02 1.153988666952178999e-01 7.954591847988158604e-02 2.184758617436718104e-09 9.740669567371590398e-01 2.579894241999382757e+03
6.928139583623470799e+01 2.255997655613199704e-02 1.154852692682421939e-01 7.513274547744624998e-02 2.165355668993756293e-09 9.728266597798166382e-01 2.581596517015565041e+03
6.928061345002038252e+01 2.258229416136976406e-02 1.151970729448554831e-01 7.912881377599692567e-02 2.181278407205310629e-09 9.727330857277001197e-01 2.582183261109588784e+03
6.928061345002038252e+01 2.258229416136976406e-02 1.151970729448554831e-01 7.912881377599692567e-02 2.181278407205310629e-09 9.727330857277001197e-01 2.582183261109588784e+03
6.928061345002038252e+01 2.258229416136976406e-02 1.151970729448554831e-01 7.912881377599692567e-02 2.181278407205310629e-09 9.727330857277001197e-01 2.582183261109588784e+03
6.928851965342040842e+01 2.260033996055206204e-02 1.151192950681356741e-01 6.962377035398566172e-02 2.140418628796706810e-09 9.733733879597539218e-01 2.582185916645635189e+03
6.928851965342040842e+01 2.260033996055206204e-02 1.151192950681356741e-01 6.962377035398566172e-02 2.140418628796706810e-09 9.733733879597539218e-01 2.582185916645635189e+03
6.928851965342040842e+01 2.260033996055206204e-02 1.151192950681356741e-01 6.962377035398566172e-02 2.140418628796706810e-09 9.733733879597539218e-01 2.582185916645635189e+03
6.934139429805902921e+01 2.259906028104650619e-02 1.149251948158632464e-01 7.463757084258394736e-02 2.161774187897159565e-09 9.728072980020556759e-01 2.583392143495490018e+03
6.927390953476694335e+01 2.262836466694321050e-02 1.151777070042276779e-01 8.050814103626302565e-02 2.187267669712152932e-09 9.739371468486093253e-01 2.581341115561492643e+03
6.927339549070163116e+01 2.263617255464972847e-02 1.150583264125581706e-01 7.250082679502822813e-02 2.153695937848071258e-09 9.734510992426695930e-01 2.583492273396069322e+03
6.926892531223421656e+01 2.260411060151159418e-02 1.148773185024528631e-01 7.404943223811276398e-02 2.159741968605385602e-09 9.724743069024395226e-01 2.585424234084283853e+03
6.935707659767399491e+01 2.258101644776566025e-02 1.146882930003548101e-01 6.850927039097881588e-02 2.136835286232582060e-09 9.715700933081768964e-01 2.587184656622327111e+03
6.928960576179714792e+01 2.259245854334142670e-02 1.149019048947849397e-01 7.016285283651529925e-02 2.144461077110637554e-09 9.715148227814808246e-01 2.586130131429236826e+03
6.975140225244713577e+01 2.259825614625999082e-02 1.136514637736055905e-01 7.487711197935544016e-02 2.157939623339326538e-09 9.759555695094982442e-01 2.586866712585138430e+03
6.977725824396969756e+01 2.261110842633656109e-02 1.137347152281916601e-01 8.522835418524574158e-02 2.202326052296744897e-09 9.768988516449996773e-01 2.584104042578970621e+03
6.998122697447274732e+01 2.259837347229512114e-02 1.131286908665030400e-01 1.044548738144721600e-01 2.279727284130959239e-09 9.787685451715191221e-01 2.584281762348482516e+03
6.990654112712987001e+01 2.260694433114497984e-02 1.137073577758771353e-01 9.417508526799486801e-02 2.241331906970404459e-09 9.774275865595325463e-01 2.581568387871100640e+03
6.990654112712987001e+01 2.260694433114497984e-02 1.137073577758771353e-01 9.417508526799486801e-02 2.241331906970404459e-09 9.774275865595325463e-01 2.581568387871100640e+03
6.987758663141062243e+01 2.258943654269111520e-02 1.138023101142241478e-01 9.627539294239012557e-02 2.249929661570801135e-09 9.773469376460706126e-01 2.580982918558666370e+03
6.983149876226451624e+01 2.260976942126563874e-02 1.138186699538300123e-01 9.791064338042243520e-02 2.257489265963266879e-09 9.776671317558661700e-01 2.581170086490230005e+03
6.983149876226451624e+01 2.260976942126563874e-02 1.138186699538300123e-01 9.791064338042243520e-02 2.257489265963266879e-09 9.776671317558661700e-01 2.581170086490230005e+03
6.985375299830977269e+01 2.257856987658686532e-02 1.139091100992241923e-01 9.907670588713204940e-02 2.262393833114325889e-09 9.766183169729825142e-01 2.581612606054914067e+03
6.996781982327890148e+01 2.261850746962419667e-02 1.135366664051365437e-01 1.023708825692871971e-01 2.273054303760678065e-09 9.798807961919588916e-01 2.580410834332959439e+03
6.974007298365660290e+01 2.262745841381649456e-02 1.143311413315863251e-01 1.049841624458430489e-01 2.287346324343994109e-09 9.783414493601056972e-01 2.580120270835810516e+03
6.974007298365660290e+01 2.262745841381649456e-02 1.143311413315863251e-01 1.049841624458430489e-01 2.287346324343994109e-09 9.783414493601056972e-01 2.580120270835810516e+03
6.974007298365660290e+01 2.262745841381649456e-02 1.143311413315863251e-01 1.049841624458430489e-01 2.287346324343994109e-09 9.783414493601056972e-01 2.580120270835810516e+03
6.974007298365660290e+01 2.262745841381649456e-02 1.143311413315863251e-01 1.049841624458430489e-01 2.287346324343994109e-09 9.783414493601056972e-01 2.580120270835810516e+03
6.974007298365660290e+01 2.262745841381649456e-02 1.143311413315863251e-01 1.049841624458430489e-01 2.287346324343994109e-09 9.783414493601056972e-01 2.580120270835810516e+03
6.960710318432759891e+01 2.262573951846165096e-02 1.144844666649607323e-01 1.003155214090796499e-01 2.269156214901655507e-09 9.767594025719145145e-01 2.580233428951535643e+03
6.960710318432759891e+01 2.262573951846165096e-02 1.144844666649607323e-01 1.003155214090796499e-01 2.269156214901655507e-09 9.767594025719145145e-01 2.580233428951535643e+03
6.957912881216756773e+01 2.262825710726902237e-02 1.146788391086028258e-01 9.925566479821464061e-02 2.265770691480041283e-09 9.769144064221478851e-01 2.579268413935939861e+03
6.925627286648210656e+01 2.264857690613528846e-02 1.156026256677204073e-01 8.732515450195682538e-02 2.221570421469023986e-09 9.743541197003459109e-01 2.579372922141458275e+03
6.955986850592918813e+01 2.258763194150190806e-02 1.148548845597429091e-01 8.219926800647119058e-02 2.194927928448848654e-09 9.752509494892346309e-01 2.579888644214820033e+03
6.957245312704016271e+01 2.258375397945645846e-02 1.148664737075262149e-01 9.183783134859796471e-02 2.234115013540516693e-09 9.764667999573540813e-01 2.579090655475892163e+03
6.961397825415593843e+01 2.259679688768670772e-02 1.150169521142373474e-01 1.045143933272908027e-01 2.289320065109437950e-09 9.767648758737220716e-01 2.581625604916337579e+03
6.961397825415593843e+01 2.259679688768670772e-02 1.150169521142373474e-01 1.045143933272908027e-01 2.289320065109437950e-09 9.767648758737220716e-01 2.581625604916337579e+03
6.961397825415593843e+01 2.259679688768670772e-02 1.150169521142373474e-01 1.045143933272908027e-01 2.289320065109437950e-09 9.767648758737220716e-01 2.581625604916337579e+03
6.945187629497033299e+01 2.260572759045212377e-02 1.155804119699860577e-01 1.038343716640176134e-01 2.289083569145148231e-09 9.753033564784419074e-01 2.583658546381674569e+03
6.945187629497033299e+01 2.260572759045212377e-02 1.155804119699860577e-01 1.038343716640176134e-01 2.289083569145148231e-09 9.753033564784419074e-01 2.583658546381674569e+03
6.907079941240382936e+01 2.260720350322027380e-02 1.166385304028475511e-01 9.409493308892837027e-02 2.252299275750252344e-09 9.715071604395336680e-01 2.586325354973987487e+03
6.884776636916038228e+01 2.263917721207630435e-02 1.172110623920871592e-01 8.793766340630090883e-02 2.229851303639988546e-09 9.718270762837856180e-01 2.580605218961540231e+03
6.884776636916038228e+01 2.263917721207630435e-02 1.172110623920871592e-01 8.793766340630090883e-02 2.229851303639988546e-09 9.718270762837856180e-01 2.580605218961540231e+03
6.884776636916038228e+01 2.263917721207630435e-02 1.172110623920871592e-01 8.793766340630090883e-02 2.229851303639988546e-09 9.718270762837856180e-01 2.580605218961540231e+03
6.887072496291807511e+01 2.265658633736214456e-02 1.173450374646871908e-01 7.405852588772326994e-02 2.173665509916796029e-09 9.724752350698570025e-01 2.580661480724159446e+03
6.881374012417154518e+01 2.265825221061802675e-02 1.174425081156003359e-01 7.730330830427747935e-02 2.187202633567529879e-09 9.729348944921414333e-01 2.579984971228348513e+03
6.881374012417154518e+01 2.265825221061802675e-02 1.174425081156003359e-01 7.730330830427747935e-02 2.187202633567529879e-09 9.729348944921414333e-01 2.579984971228348513e+03
6.881374012417154518e+01 2.265825221061802675e-02 1.174425081156003359e-01 7.730330830427747935e-02 2.187202633567529879e-09 9.729348944921414333e-01 2.579984971228348513e+03
6.864579239451686021e+01 2.266115995511176415e-02 1.177455266659534067e-01 7.768202603319673827e-02 2.189556391930875588e-09 9.721737566384298646e-01 2.579479373676275827e+03
6.865828840021187318e+01 2.263032573931920283e-02 1.178373411019435490e-01 6.622414064906896602e-02 2.141119585357648347e-09 9.712865143616703500e-01 2.580885372435748650e+03
6.907817828855978348e+01 2.261101175046477743e-02 1.166241605216763316e-01 6.800600055139981170e-02 2.143772116002172267e-09 9.739862700085529790e-01 2.580132514849996369e+03
6.920993614870747024e+01 2.263854501696263566e-02 1.163798647310621548e-01 7.665618521063458091e-02 2.179441740476006842e-09 9.757065378958887925e-01 2.580066598452920516e+03
6.920993614870747024e+01 2.263854501696263566e-02 1.163798647310621548e-01 7.665618521063458091e-02 2.179441740476006842e-09 9.757065378958887925e-01 2.580066598452920516e+03
6.912086691031444730e+01 2.260392841992317839e-02 1.162755841733071893e-01 8.391476913965545403e-02 2.208552273515040908e-09 9.742651230474256296e-01 2.578240470783913679e+03
6.944496334355707745e+01 2.259764642383608677e-02 1.154361525494188162e-01 9.771242939233566738e-02 2.263024055847728480e-09 9.768412179598684464e-01 2.578311882418868663e+03
6.936901258684548566e+01 2.257675348795796719e-02 1.156212562399636518e-01 9.344160904670288648e-02 2.246850613330852819e-09 9.743381004317895888e-01 2.579904231598681690e+03
6.933584422745214226e+01 2.259970319485811799e-02 1.158998894158611986e-01 9.759192540321282028e-02 2.268360558638995717e-09 9.735555107037248135e-01 2.580759410475818186e+03
6.963762841123218550e+01 2.261032610241061128e-02 1.151456912582003583e-01 9.629037795529807320e-02 2.259248169511708611e-09 9.770536233120091785e-01 2.579284323061575378e+03
6.990259041048869904e+01 2.259948157429158763e-02 1.143559243032828965e-01 9.719649918119380172e-02 2.258927447116316644e-09 9.788935063961774485e-01 2.579539406675473401e+03
7.003235859926262208e+01 2.262964814378154790e-02 1.141999366203741845e-01 9.875452680257644500e-02 2.264756413079718198e-09 9.809114451734367579e-01 2.580157298922266818e+03
7.003235859926262208e+01 2.262964814378154790e-02 1.141999366203741845e-01 9.875452680257644500e-02 2.264756413079718198e-09 9.809114451734367579e-01 2.580157298922266818e+03
6.997462389446897646e+01 2.263142014219452630e-02 1.142228662193246480e-01 9.753223309332177682e-02 2.258680761310587418e-09 9.804896337132118500e-01 2.579400559385872839e+03
7.014570872844383587e+01 2.260092037716893501e-02 1.135272631481892142e-01 1.090030538991270670e-01 2.302425235081232290e-09 9.820535162879725499e-01 2.579169145118785309e+03
7.014570872844383587e+01 2.260092037716893501e-02 1.135272631481892142e-01 1.090030538991270670e-01 2.302425235081232290e-09 9.820535162879725499e-01 2.579169145118785309e+03
6.993088192123913416e+01 2.258350045110725512e-02 1.139907426438751537e-01 9.484889384796141298e-02 2.244902299384307841e-09 9.787981340376253891e-01 2.579355822559424269e+03
6.984815669427914031e+01 2.260455191639417979e-02 1.142838193225889504e-01 1.001162178602157116e-01 2.269181806572663379e-09 9.776986617714596983e-01 2.579516260920584955e+03
6.989631905562501402e+01 2.258518269137695794e-02 1.141094032573477246e-01 9.292354455506927902e-02 2.237042154208306413e-09 9.791746092571330662e-01 2.579082216949223039e+03
7.029249181881694142e+01 2.260117445311563347e-02 1.129898498756515823e-01 1.109888890395098332e-01 2.308005557828774396e-09 9.833703842874470524e-01 2.579827165682459054e+03
7.009640675428553891e+01 2.258411073398114075e-02 1.134592229248704981e-01 9.500656920816341611e-02 2.243082898708249699e-09 9.807070769388464004e-01 2.580180219470475095e+03
7.005470249556731233e+01 2.256686504604712637e-02 1.136390389598810474e-01 8.467456648291464549e-02 2.200731180453489769e-09 9.801579416228284325e-01 2.581758917571970414e+03
7.005470249556731233e+01 2.256686504604712637e-02 1.136390389598810474e-01 8.467456648291464549e-02 2.200731180453489769e-09 9.801579416228284325e-01 2.581758917571970414e+03
7.005470249556731233e+01 2.256686504604712637e-02 1.136390389598810474e-01 8.467456648291464549e-02 2.200731180453489769e-09 9.801579416228284325e-01 2.581758917571970414e+03
7.005470249556731233e+01 2.256686504604712637e-02 1.136390389598810474e-01 8.467456648291464549e-02 2.200731180453489769e-09 9.801579416228284325e-01 2.581758917571970414e+03
7.005470249556731233e+01 2.256686504604712637e-02 1.136390389598810474e-01 8.467456648291464549e-02 2.200731180453489769e-09 9.801579416228284325e-01 2.581758917571970414e+03
7.004561838598594647e+01 2.252345515305508722e-02 1.135707595739673254e-01 8.655052437579222047e-02 2.207670680043720443e-09 9.784644178303959494e-01 2.581544663377645520e+03
6.999888372754332977e+01 2.251822381131322534e-02 1.136995920972066199e-01 9.504394275252509017e-02 2.242720683871219758e-09 9.779110571004216990e-01 2.581929636947275867e+03
6.990611383597318707e+01 2.257478706919596387e-02 1.138750199785224654e-01 1.033633622361012083e-01 2.277432199413723272e-09 9.796056671244608438e-01 2.580112841867058705e+03
6.990611383597318707e+01 2.257478706919596387e-02 1.138750199785224654e-01 1.033633622361012083e-01 2.277432199413723272e-09 9.796056671244608438e-01 2.580112841867058705e+03
6.961036388114251849e+01 2.256921718642366029e-02 1.144605047626415517e-01 8.911596474312982741e-02 2.220452598889229325e-09 9.775698622058084375e-01 2.578995720328394782e+03
6.917078902822096609e+01 2.259514731103589094e-02 1.154487106474701985e-01 8.005634558410554269e-02 2.185954914491707812e-09 9.754156751459397423e-01 2.579325498930084450e+03
6.917078902822096609e+01 2.259514731103589094e-02 1.154487106474701985e-01 8.005634558410554269e-02 2.185954914491707812e-09 9.754156751459397423e-01 2.579325498930084450e+03
6.889934628301884345e+01 2.259307597755215100e-02 1.161106559397157012e-01 7.819092308914091238e-02 2.179720900664739580e-09 9.739122387702996431e-01 2.579273393585308895e+03
6.894480350466773189e+01 2.260938500964312578e-02 1.159025931602686021e-01 8.861708312609904714e-02 2.223952212680057408e-09 9.729235763550796445e-01 2.581201093647500784e+03
6.896611321499322855e+01 2.256421579050179455e-02 1.157394939900853598e-01 6.482726329557000899e-02 2.120807754145965246e-09 9.727509485626470997e-01 2.581987316868838207e+03
6.896611321499322855e+01 2.256421579050179455e-02 1.157394939900853598e-01 6.482726329557000899e-02 2.120807754145965246e-09 9.727509485626470997e-01 2.581987316868838207e+03
6.896611321499322855e+01 2.256421579050179455e-02 1.157394939900853598e-01 6.482726329557000899e-02 2.120807754145965246e-09 9.727509485626470997e-01 2.581987316868838207e+03
6.896611321499322855e+01 2.256421579050179455e-02 1.157394939900853598e-01 6.482726329557000899e-02 2.120807754145965246e-09 9.727509485626470997e-01 2.581987316868838207e+03
6.897115014867463856e+01 2.257225962907786695e-02 1.157944403767315333e-01 6.131612205809364169e-02 2.106765171985859590e-09 9.724283098680107651e-01 2.582171593555550317e+03
6.897115014867463856e+01 2.257225962907786695e-02 1.157944403767315333e-01 6.131612205809364169e-02 2.106765171985859590e-09 9.724283098680107651e-01 2.582171593555550317e+03
6.897115014867463856e+01 2.257225962907786695e-02 1.157944403767315333e-01 6.131612205809364169e-02 2.106765171985859590e-09 9.724283098680107651e-01 2.582171593555550317e+03
6.899147230726293856e+01 2.256416039394226747e-02 1.157235203714728072e-01 5.757634144076635707e-02 2.092165160161609762e-09 9.717683399689608370e-01 2.582967732423421694e+03
6.914951456504176974e+01 2.256072805994203262e-02 1.153435207848406419e-01 5.031726082024864238e-02 2.057809555058090964e-09 9.746202044924510144e-01 2.582538857113002905e+03
6.918903793593938190e+01 2.257019682020749984e-02 1.152634939089690058e-01 3.965052869216319220e-02 2.013991238450754957e-09 9.752242918988658360e-01 2.583741510155309243e+03
6.912512062159044035e+01 2.261011483554956417e-02 1.157595205620368939e-01 4.048546334047122691e-02 2.021787524665795398e-09 9.750680464518061141e-01 2.582141503792530784e+03
6.915108662609154067e+01 2.260077548011613091e-02 1.156866608680099801e-01 3.391909362490364011e-02 1.994053970692453425e-09 9.744504016915446210e-01 2.583441732826299813e+03
6.915108662609154067e+01 2.260077548011613091e-02 1.156866608680099801e-01 3.391909362490364011e-02 1.994053970692453425e-09 9.744504016915446210e-01 2.583441732826299813e+03
6.915108662609154067e+01 2.260077548011613091e-02 1.156866608680099801e-01 3.391909362490364011e-02 1.994053970692453425e-09 9.744504016915446210e-01 2.583441732826299813e+03
6.914433294437741040e+01 2.257755793349494611e-02 1.156549129781443974e-01 4.349340993274476708e-02 2.032687075095999104e-09 9.737093728037548024e-01 2.582558125825617026e+03
6.939204853838332099e+01 2.255183890993121831e-02 1.151283687540586714e-01 5.174524923351907224e-02 2.062868168687363058e-09 9.761720514158105377e-01 2.581263566004840413e+03
6.909035885522011711e+01 2.257648466916117522e-02 1.160623290641623478e-01 6.350030973030673653e-02 2.116187717068478616e-09 9.752281721676450132e-01 2.579051791510246403e+03
6.917432545345607764e+01 2.256285348403843510e-02 1.159555116335179159e-01 6.956073903135491510e-02 2.143122704052439268e-09 9.742040752678720050e-01 2.579395670864721978e+03
6.941491930888321349e+01 2.256602791357188026e-02 1.150624640592581016e-01 7.942967389021796110e-02 2.180784024316337738e-09 9.751672349998101730e-01 2.579736068084034741e+03
6.946614294066974082e+01 2.253923815039289569e-02 1.148214659451732150e-01 7.055569904344770327e-02 2.142093952501345380e-09 9.749854626621282661e-01 2.580888208031473368e+03
6.946614294066974082e+01 2.253923815039289569e-02 1.148214659451732150e-01 7.055569904344770327e-02 2.142093952501345380e-09 9.749854626621282661e-01 2.580888208031473368e+03
6.930086105409455399e+01 2.252003507060064413e-02 1.153341935602691937e-01 6.934316711988959547e-02 2.139459786714359268e-09 9.727536641793963490e-01 2.582843228265084235e+03
