6.900000000000000000e+01 2.199999999999999872e-02 1.199999999999999956e-01 5.999999999999999778e-02 2.100000000000000193e-09 9.499999999999999556e-01 3.272203377808957612e+03
6.900000138775996561e+01 2.199726336490757939e-02 1.200014125913543422e-01 6.000043511363178927e-02 2.354946160602239884e-09 9.499984960341745222e-01 3.272203377808957612e+03
6.900000799620093517e+01 2.199839052146413190e-02 1.200040171962715868e-01 6.000058153176721087e-02 2.584942646353763443e-09 9.499983084040695136e-01 3.272203377808957612e+03
6.899999019390243404e+01 2.199611415738851952e-02 1.200035112324794456e-01 6.000080645988182387e-02 2.588641082951066634e-09 9.499991427134045763e-01 3.272203377808957612e+03
6.899997687260378143e+01 2.199607405153009704e-02 1.200030855880527825e-01 6.000066533858200435e-02 3.313349724208689511e-09 9.499986455918553174e-01 3.272203377808957612e+03
6.899997602830710264e+01 2.199870418793919286e-02 1.200047681568452290e-01 6.000155046505448175e-02 3.065637602188294558e-09 9.499979454547655688e-01 3.272203377808957612e+03
6.900000442164774483e+01 2.200350474250249710e-02 1.200041303481807348e-01 5.999984416077883825e-02 2.251988547683408470e-09 9.499983289403451936e-01 3.272203377808957612e+03
6.899998929280560844e+01 2.200241404730348196e-02 1.200037382058998930e-01 5.999938321271301722e-02 2.235189792037239253e-09 9.499980550781910171e-01 3.272203377808957612e+03
6.899998076038610861e+01 2.200343332769508914e-02 1.200025922831971237e-01 6.000090679043047770e-02 2.463086919567371668e-09 9.499985576928331454e-01 3.272203377808957612e+03
6.899999229327795547e+01 2.200503404960065315e-02 1.200035618658386732e-01 6.000094680766532990e-02 2.772566265154066814e-09 9.499986272495395401e-01 3.272203377808957612e+03
6.899999653986689907e+01 2.200585930352676883e-02 1.200035988101653683e-01 6.000053305367446244e-02 3.248146949661754326e-09 9.499993854754273936e-01 3.272203377808957612e+03
6.900000958074205926e+01 2.200598027014412025e-02 1.200043148079995847e-01 6.000215880459831147e-02 3.716123190296314426e-09 9.499993904258825506e-01 3.272203377808957612e+03
6.900000436922174174e+01 2.200868710302064310e-02 1.200026310427224907e-01 6.000241585426766694e-02 3.808602564012410053e-09 9.499994154730176943e-01 3.272203377808957612e+03
6.899999846630942102e+01 2.201068532457840787e-02 1.200029131592504766e-01 6.000190687615512830e-02 4.061530861898074524e-09 9.499994251022595426e-01 3.272203377808957612e+03
6.899998768643295932e+01 2.200746751007345847e-02 1.200027238044557160e-01 6.000350607622004229e-02 4.342729880948887665e-09 9.499993735113643201e-01 3.272203377808957612e+03
6.899999874072351247e+01 2.200960135713815602e-02 1.200021789036427450e-01 6.000235485108903338e-02 4.822735083287160993e-09 9.499992628015596630e-01 3.272203377808957612e+03
6.900001193875890237e+01 2.201079252002781719e-02 1.200026629419987528e-01 6.000034802821035268e-02 4.841039650384847803e-09 9.499996852090424326e-01 3.272203377808957612e+03
6.900000334405230262e+01 2.201015489859888680e-02 1.200026532866577261e-01 6.000167089747526078e-02 4.398266895563247829e-09 9.499995983161645396e-01 3.272203377808957612e+03
6.900000054652927872e+01 2.200454216577677619e-02 1.200026660739711981e-01 6.000042334872949384e-02 4.513338443043152111e-09 9.499991562261916878e-01 3.272203377808957612e+03
6.899999315098956743e+01 2.200211161828650314e-02 1.200024022914656235e-01 5.999849986798517359e-02 5.234408059345709196e-09 9.499994966195274282e-01 3.272203377808957612e+03
6.899999655836953139e+01 2.200354645055983827e-02 1.200024824416302954e-01 6.000101146018040066e-02 5.488897712824554481e-09 9.499997743981341003e-01 3.272203377808957612e+03
6.899997407008531525e+01 2.200260043232855900e-02 1.200024568683076276e-01 6.000307360408124041e-02 5.548740254550489799e-09 9.500000204242288193e-01 3.272203377808957612e+03
6.899996413950086094e+01 2.200086593534878593e-02 1.200012433712915189e-01 6.000724645475193075e-02 5.851791586621088756e-09 9.500003162787926669e-01 3.272203377808957612e+03
6.899998421856153641e+01 2.200334155677324127e-02 1.199995281885653242e-01 6.000718785027819163e-02 5.467510261581381347e-09 9.500004822190279974e-01 3.272203377808957612e+03
6.899998179198750847e+01 2.200197647844366264e-02 1.199979657484007284e-01 6.000682034233036782e-02 5.561434395357905056e-09 9.499995322545456977e-01 3.272203377808957612e+03
6.899997466281999436e+01 2.200659769957761039e-02 1.199982223936141429e-01 6.000862525484483567e-02 5.348178252105861935e-09 9.499990708132833861e-01 3.272203377808957612e+03
6.899994880081928272e+01 2.200268639102546595e-02 1.199986150460085332e-01 6.000870929078718635e-02 5.769780303971773882e-09 9.499985788952265420e-01 3.272203377808957612e+03
6.899994471853530342e+01 2.200186231760212566e-02 1.199997713507087865e-01 6.000966812886911889e-02 6.053151262264279290e-09 9.499983621791632249e-01 3.272203377808957612e+03
6.899994390079112350e+01 2.200223287236747344e-02 1.199988762670671227e-01 6.000950918688918723e-02 6.736661327275465698e-09 9.499992729343603726e-01 3.272203377808957612e+03
6.899996619403458453e+01 2.200044414035414939e-02 1.199990765272583582e-01 6.000672444301781427e-02 6.998214351409089468e-09 9.499990864866072471e-01 3.272203377808957612e+03
6.899997375546051614e+01 2.200431733171837739e-02 1.199977948457669891e-01 6.000679918190249956e-02 6.748001666703447505e-09 9.499988965513129768e-01 3.272203377808957612e+03
6.899996410327563012e+01 2.200524253109408662e-02 1.199999108361103906e-01 6.000694917923197341e-02 7.409003794957493676e-09 9.499989359295867297e-01 3.272203377808957612e+03
6.899994813987086673e+01 2.200401511206627816e-02 1.200010578115131149e-01 6.000181902339293827e-02 7.549289874203370120e-09 9.499993964621095133e-01 3.272203377808957612e+03
6.899996617266891974e+01 2.200536902791386945e-02 1.200021854901840851e-01 6.000148898027913430e-02 8.443351782373169468e-09 9.499995004483714478e-01 3.272203377808957612e+03
6.899994996253050772e+01 2.200224271132137158e-02 1.200010871914182209e-01 6.000142232789987956e-02 8.908310862572733461e-09 9.499986897860439594e-01 3.272203377808957612e+03
6.899994776743810121e+01 2.200042119393291751e-02 1.200022965964080840e-01 5.999898007936217692e-02 8.690923501420628407e-09 9.499994899993451369e-01 3.272203377808957612e+03
6.899994247239170875e+01 2.200272350370337596e-02 1.200016161461774089e-01 5.999656218992781287e-02 8.651059961492022825e-09 9.499986265250114359e-01 3.272203377808957612e+03
6.899991530005068796e+01 2.200408962517273054e-02 1.200025550673728542e-01 5.999655103427534164e-02 8.899955196324663724e-09 9.499982691951204261e-01 3.272203377808957612e+03
6.899991477098519965e+01 2.200335838405349798e-02 1.200012425791273513e-01 6.000081518123522722e-02 9.049854836796987285e-09 9.499978311609412751e-01 3.272203377808957612e+03
6.899989274567560926e+01 2.200380823535716748e-02 1.199999910185993307e-01 6.000090876489638098e-02 9.213642768154621032e-09 9.499984341055376369e-01 3.272203377808957612e+03
6.899991261895226557e+01 2.199972726430042547e-02 1.199999966443661137e-01 5.999896892178085972e-02 8.157107020157212842e-09 9.499985913025800199e-01 3.272203377808957612e+03
6.899989181359840984e+01 2.199763776695692202e-02 1.199999278298495287e-01 5.999818752293488433e-02 8.286133904313055586e-09 9.499988663913390141e-01 3.272203377808957612e+03
6.899988002039818014e+01 2.199549663327278817e-02 1.200005523743720021e-01 5.999782870812461755e-02 8.113140130743220877e-09 9.499993448589295619e-01 3.272203377808957612e+03
6.899988875130017618e+01 2.199573620670951593e-02 1.200004394961248083e-01 5.999929601751856356e-02 8.294349222484555922e-09 9.500000509484134437e-01 3.272203377808957612e+03
6.899989743388337615e+01 2.199453970239101733e-02 1.199990799470854186e-01 5.999976729020597283e-02 9.174459455226583722e-09 9.499998467725493390e-01 3.272203377808957612e+03
6.899991109070683137e+01 2.199259779390177680e-02 1.199986085763996430e-01 6.000141971050228229e-02 8.925478759996150232e-09 9.499990607239536811e-01 3.272203377808957612e+03
6.899992618330381333e+01 2.199469725523927818e-02 1.199984565763982797e-01 5.999942264294830241e-02 8.839144329334281524e-09 9.499992699543183816e-01 3.272203377808957612e+03
6.899994529740691007e+01 2.199023445941575630e-02 1.199977971237744107e-01 5.999998383661054452e-02 8.922759009585689057e-09 9.499988351599747416e-01 3.272203377808957612e+03
6.899994635618651273e+01 2.199322893478636298e-02 1.199981281259409061e-01 5.999721537484711126e-02 8.272173945030505263e-09 9.499980173388190563e-01 3.272203377808957612e+03
6.899995641450446726e+01 2.199558429279174776e-02 1.199983648509538592e-01 5.999606748712729004e-02 8.512321998592087771e-09 9.499981894494028412e-01 3.272203377808957612e+03
6.899995349016469959e+01 2.199832599414684384e-02 1.199964411552869592e-01 5.999221131318408645e-02 8.573816940006632425e-09 9.499985269890689477e-01 3.272203377808957612e+03
6.899993221177275871e+01 2.199664643444824985e-02 1.199944217762304310e-01 5.999330107830465331e-02 9.014686315711510823e-09 9.499982907806409083e-01 3.272203377808957612e+03
6.899991697033792093e+01 2.199844307842237223e-02 1.199946252364975374e-01 5.999040734952602177e-02 8.530953665643538538e-09 9.499979043270130319e-01 3.272203377808957612e+03
6.899993145035391251e+01 2.200003472358558199e-02 1.199953163517984561e-01 5.999244303340528495e-02 8.495254285070127094e-09 9.499977693906674903e-01 3.272203377808957612e+03
6.899995877718386339e+01 2.200318610189076762e-02 1.199946032971738880e-01 5.999358082188376018e-02 8.771679523058767474e-09 9.499983980413398976e-01 3.272203377808957612e+03
6.899998468370856131e+01 2.200336895731779333e-02 1.199960278820774440e-01 5.999433496537236871e-02 8.674666277898805489e-09 9.499986579047356994e-01 3.272203377808957612e+03
6.899998732969649495e+01 2.200617321033708496e-02 1.199965305925513870e-01 5.999130617317579434e-02 8.011318431966866582e-09 9.499993297598041675e-01 3.272203377808957612e+03
6.899999463055090132e+01 2.200788544797096374e-02 1.199965510682794029e-01 5.999352566073656162e-02 7.908451516567857313e-09 9.499987551295701049e-01 3.272203377808957612e+03
6.899999344346115038e+01 2.200768245981446838e-02 1.199968764375463348e-01 5.999012376044295797e-02 8.336676114702157453e-09 9.499990044866711836e-01 3.272203377808957612e+03
6.899998186118018850e+01 2.200859931594184235e-02 1.199955954666277330e-01 5.998626291837932945e-02 8.613037494023386288e-09 9.499980820119863223e-01 3.272203377808957612e+03
6.899999312189223133e+01 2.200988702925789700e-02 1.199962628868114778e-01 5.998399714147664707e-02 8.615042696037801652e-09 9.499976055816153897e-01 3.272203377808957612e+03
6.899998683760870222e+01 2.200749389235306247e-02 1.199957375926301445e-01 5.998592356092721789e-02 8.437122513633257387e-09 9.499987454324740899e-01 3.272203377808957612e+03
6.899999361835554623e+01 2.200628893878643980e-02 1.199951930378227311e-01 5.998690964981735763e-02 8.818516390082814956e-09 9.499984754999978298e-01 3.272203377808957612e+03
6.899998498886709797e+01 2.200040245343477460e-02 1.199949221627205354e-01 5.998637165737382565e-02 9.100747061291572386e-09 9.499982579603829524e-01 3.272203377808957612e+03
6.899999729350281541e+01 2.200362117470558085e-02 1.199964052519226082e-01 5.998323077256131203e-02 8.956416599336648841e-09 9.499971042136829968e-01 3.272203377808957612e+03
6.899999660054197648e+01 2.200490493742026862e-02 1.199965702576396703e-01 5.998301969822911195e-02 8.960729260373953822e-09 9.499973075698386893e-01 3.272203377808957612e+03
6.900001872246902224e+01 2.200463380305929181e-02 1.199975741856695033e-01 5.998381212182762878e-02 8.775696190301645872e-09 9.499967069505442785e-01 3.272203377808957612e+03
6.900002525541763987e+01 2.200610393890241323e-02 1.199966514677944657e-01 5.998351826034876988e-02 9.913384084769283037e-09 9.499972433965357954e-01 3.272203377808957612e+03
6.900003559699622713e+01 2.200242908172710121e-02 1.199965325956487971e-01 5.998156207610163410e-02 1.008928996648441176e-08 9.499975396232471780e-01 3.272203377808957612e+03
6.900004952763043775e+01 2.200605264969792210e-02 1.199968319228267022e-01 5.997697226875253057e-02 9.784332365683151873e-09 9.499984109833639057e-01 3.272203377808957612e+03
6.900004845339222470e+01 2.200760300040948206e-02 1.199975863720638275e-01 5.997405581552079507e-02 1.002944607980649790e-08 9.499981217915468568e-01 3.272203377808957612e+03
6.900003619284652245e+01 2.200509923728348124e-02 1.199973760126372968e-01 5.997243862291637417e-02 9.719421347568259752e-09 9.499987533806476536e-01 3.272203377808957612e+03
6.900003916379812097e+01 2.200348274711361879e-02 1.199962712670142317e-01 5.997005491843684921e-02 9.374515188048231656e-09 9.499983922851656937e-01 3.272203377808957612e+03
6.900004904119943205e+01 2.200173277263773111e-02 1.199965758769687973e-01 5.997116889227048497e-02 9.283266113368411573e-09 9.499980052249199503e-01 3.272203377808957612e+03
6.900005980414998419e+01 2.200536189588601574e-02 1.199958984854043176e-01 5.996871960933224804e-02 9.447816715874961563e-09 9.499972673832491887e-01 3.272203377808957612e+03
6.900008175983151659e+01 2.200439361630764090e-02 1.199971612512562569e-01 5.996809234754769263e-02 9.872890589068335057e-09 9.499970874778670415e-01 3.272203377808957612e+03
6.900010010184040254e+01 2.200382623765215900e-02 1.199979523312219715e-01 5.996907372694524480e-02 1.039773978502913071e-08 9.499966582249826930e-01 3.272203377808957612e+03
6.900008988866082404e+01 2.200679052944827865e-02 1.199989108709111907e-01 5.996915490953078770e-02 1.070996905890732122e-08 9.499975232243557111e-01 3.272203377808957612e+03
6.900010313407337037e+01 2.200827070477870753e-02 1.199993073188294068e-01 5.996958558765101699e-02 1.002147907152499701e-08 9.499969348611552178e-01 3.272203377808957612e+03
6.900009222409880749e+01 2.201078566362827879e-02 1.199992409171123098e-01 5.997002237896556509e-02 9.833334604046447012e-09 9.499976840934557520e-01 3.272203377808957612e+03
6.900009726870271720e+01 2.201291850048750845e-02 1.199992731844777977e-01 5.997077557801721442e-02 9.722777749682175607e-09 9.499977640342591734e-01 3.272203377808957612e+03
6.900006391523847071e+01 2.201225475928280870e-02 1.199979472810834558e-01 5.997278647833862580e-02 9.166829673105880654e-09 9.499973271394107632e-01 3.272203377808957612e+03
6.900008107740490004e+01 2.201323158927680906e-02 1.199991122990745618e-01 5.997069217487026316e-02 8.708044867547274685e-09 9.499980496327414814e-01 3.272203377808957612e+03
6.900007073108963596e+01 2.201406565827151302e-02 1.199987804366942079e-01 5.997069565295319593e-02 8.881351110083485194e-09 9.499987270420408025e-01 3.272203377808957612e+03
6.900009905302356117e+01 2.201289834542065685e-02 1.199990895653404582e-01 5.997262068001363994e-02 9.217375070779708748e-09 9.499990486867734285e-01 3.272203377808957612e+03
6.900011417841328409e+01 2.201001421024353921e-02 1.199995611336673040e-01 5.997074710598591929e-02 9.006421958014238014e-09 9.499985403085747793e-01 3.272203377808957612e+03
6.900009122546507001e+01 2.200827114396689682e-02 1.199994849424807358e-01 5.997035736498530084e-02 9.025772842401147102e-09 9.499987064116304225e-01 3.272203377808957612e+03
6.900008544644995823e+01 2.200664288505302726e-02 1.200000227134096903e-01 5.997157082326168287e-02 8.887742611726033534e-09 9.499983753274914289e-01 3.272203377808957612e+03
6.900009425435764854e+01 2.200518990729269375e-02 1.199974803506851928e-01 5.997176435259694849e-02 8.558415681035228211e-09 9.499986954626228330e-01 3.272203377808957612e+03
6.900008742274232532e+01 2.200894036710741852e-02 1.199964903074697692e-01 5.997391246319550007e-02 8.706337023682487222e-09 9.499993837450937395e-01 3.272203377808957612e+03
6.900012052840929755e+01 2.201111093261878121e-02 1.199970040659830567e-01 5.997490978300508424e-02 8.631629478638472769e-09 9.499988190282818712e-01 3.272203377808957612e+03
6.900011943132004433e+01 2.201163380845477802e-02 1.199988938850726078e-01 5.997617238822216396e-02 8.214283771209660586e-09 9.499998735706252084e-01 3.272203377808957612e+03
6.900012481217811455e+01 2.201292388936046396e-02 1.199998364506563164e-01 5.997521377123170988e-02 8.289101370576670979e-09 9.500005044466187654e-01 3.272203377808957612e+03
6.900012353571895574e+01 2.201352837129018705e-02 1.199995779724275929e-01 5.997572189938608911e-02 7.994551601213305998e-09 9.500003175584187387e-01 3.272203377808957612e+03
6.900012399977777022e+01 2.201644714836814565e-02 1.199978695762105446e-01 5.997849023667979618e-02 8.090063011048438240e-09 9.500006615807984334e-01 3.272203377808957612e+03
6.900011788228560761e+01 2.201730843026057996e-02 1.199984821521030698e-01 5.997842574883285871e-02 7.350465182234237361e-09 9.500003558398276704e-01 3.272203377808957612e+03
6.900013237711813474e+01 2.201545105505896271e-02 1.199987950269170156e-01 5.997669665023751956e-02 6.795283407099517466e-09 9.500012344004082898e-01 3.272203377808957612e+03
6.900010886542361277e+01 2.201778280252780426e-02 1.199988911170246780e-01 5.997588087915973337e-02 7.128030068493387651e-09 9.500013562944640277e-01 3.272203377808957612e+03
6.900008265952527609e+01 2.201769129803446759e-02 1.199994853876333312e-01 5.997654273935451585e-02 7.043987962620873177e-09 9.500018413646889037e-01 3.272203377808957612e+03
6.900009790587586167e+01 2.202097424849650681e-02 1.200010287103291523e-01 5.997615451557063160e-02 6.610586553945719512e-09 9.500008788330112086e-01 3.272203377808957612e+03
6.900010647238305239e+01 2.202387586065193345e-02 1.200015355684342089e-01 5.997351323802496692e-02 6.355605293439614729e-09 9.500015146140018407e-01 3.272203377808957612e+03
6.900009802677786297e+01 2.202261066138076415e-02 1.199995812967855208e-01 5.997382196500896517e-02 5.669945821642891787e-09 9.500019285598666485e-01 3.272203377808957612e+03
6.900011587256868495e+01 2.201923836600192669e-02 1.200006384076515303e-01 5.996672321664123229e-02 5.400828919171197698e-09 9.500012750086944679e-01 3.272203377808957612e+03
6.900012302838564437e+01 2.201547765585041769e-02 1.199989721879940047e-01 5.996726611724715467e-02 5.811326842391858933e-09 9.500006767428652577e-01 3.272203377808957612e+03
6.900012939011206470e+01 2.201149561606899688e-02 1.199987653958554668e-01 5.996529542556979647e-02 5.334941969389743855e-09 9.500007806188665027e-01 3.272203377808957612e+03
6.900012798277977311e+01 2.201627001453884333e-02 1.199984589722990352e-01 5.996632717791362810e-02 5.512730788496837311e-09 9.500005929110147962e-01 3.272203377808957612e+03
6.900011921797384673e+01 2.201853921303772652e-02 1.199970516056283604e-01 5.996986214223653383e-02 5.838612351365889315e-09 9.500007851011963433e-01 3.272203377808957612e+03
6.900013300729679599e+01 2.201857006744415909e-02 1.199971353172667454e-01 5.997044836312608040e-02 5.806531960784880096e-09 9.500002538404312968e-01 3.272203377808957612e+03
6.900016240814306911e+01 2.201508588844621611e-02 1.199983090283461007e-01 5.996918400346502170e-02 5.455010879008816310e-09 9.500005376433244830e-01 3.272203377808957612e+03
6.900014309883361818e+01 2.201684446500374454e-02 1.199985551332175548e-01 5.997070391070071643e-02 4.153714881530584343e-09 9.500006762327676268e-01 3.272203377808957612e+03
6.900017848078928751e+01 2.201480785870218310e-02 1.200000300573945550e-01 5.997325204362483758e-02 4.393942336197924191e-09 9.500007300921139430e-01 3.272203377808957612e+03
6.900016056410321141e+01 2.201455076764353980e-02 1.200008708299930421e-01 5.997468555817489499e-02 4.227783235378828549e-09 9.500009474394544018e-01 3.272203377808957612e+03
6.900015938759023015e+01 2.201514090243938959e-02 1.200006953685518185e-01 5.997529769481709655e-02 4.015769052079326285e-09 9.500007941692582003e-01 3.272203377808957612e+03
6.900015187479159806e+01 2.201473649420248799e-02 1.200002161647004267e-01 5.997275574811508636e-02 4.084097201635503086e-09 9.500012536216400072e-01 3.272203377808957612e+03
6.900014224210841007e+01 2.201009100984020056e-02 1.199992951273236297e-01 5.997100885830217165e-02 3.757193396415204963e-09 9.500020700024286446e-01 3.272203377808957612e+03
6.900014036477475088e+01 2.201108657674833227e-02 1.199988800158433289e-01 5.997211301279209428e-02 3.356746464235351641e-09 9.500006124238625782e-01 3.272203377808957612e+03
6.900014162123351014e+01 2.201240096209178612e-02 1.199989823088766783e-01 5.997316285398720387e-02 3.343308379604270103e-09 9.500013518263585865e-01 3.272203377808957612e+03
6.900013518626862208e+01 2.201226923193979126e-02 1.199982420827129248e-01 5.997467364306537096e-02 2.584203723254924542e-09 9.500019832507576867e-01 3.272203377808957612e+03
6.900012433279583490e+01 2.201701092690460521e-02 1.199981551252575357e-01 5.997625494707197608e-02 2.626095066526551582e-09 9.500026691182338334e-01 3.272203377808957612e+03
6.900012893132249303e+01 2.201369133165033062e-02 1.199961033535043714e-01 5.997625067781629793e-02 2.820295333487356602e-09 9.500029707729469308e-01 3.272203377808957612e+03
6.900010698920546304e+01 2.201054222911737884e-02 1.199957638592365344e-01 5.997219589410290180e-02 3.189381427301137511e-09 9.500037701476110596e-01 3.272203377808957612e+03
6.900010741794456237e+01 2.201028103271651312e-02 1.199951408983696705e-01 5.997499655678319164e-02 3.523252433751149180e-09 9.500043410503344887e-01 3.272203377808957612e+03
6.900009594681583280e+01 2.201266266237963259e-02 1.199951623480120383e-01 5.997532794894881031e-02 3.596911344051896578e-09 9.500049619143167146e-01 3.272203377808957612e+03
6.900006940407669731e+01 2.201223026556125423e-02 1.199954029250393378e-01 5.997445312546988150e-02 3.301316311044575912e-09 9.500047786561743868e-01 3.272203377808957612e+03
6.900004553632888360e+01 2.201747730830637059e-02 1.199944783728030956e-01 5.997181587792468210e-02 3.793957561187418891e-09 9.500046763651551762e-01 3.272203377808957612e+03
6.900003181371394589e+01 2.201432568871794851e-02 1.199935763583734605e-01 5.996947050900429399e-02 4.030051531349822014e-09 9.500044943599651459e-01 3.272203377808957612e+03
6.900001799604552843e+01 2.201641434696814670e-02 1.199930757269881409e-01 5.997159624262016903e-02 3.682141934598018658e-09 9.500042833730547587e-01 3.272203377808957612e+03
6.900001351105260028e+01 2.202052639427368175e-02 1.199935034963010849e-01 5.996994222765902882e-02 3.928659235995056051e-09 9.500045029320465240e-01 3.272203377808957612e+03
6.900003955488186591e+01 2.201803151305594189e-02 1.199939496911277270e-01 5.997158534169616528e-02 3.836115402987764757e-09 9.500045480774892415e-01 3.272203377808957612e+03
6.900003184117093724e+01 2.201738726749817576e-02 1.199929885061278984e-01 5.997345866345556165e-02 3.600719422131532202e-09 9.500043136668590016e-01 3.272203377808957612e+03
6.900000584547632343e+01 2.201990420921265401e-02 1.199937259464476658e-01 5.997403888762327384e-02 3.774912423340655522e-09 9.500040033816127272e-01 3.272203377808957612e+03
6.900002234947608315e+01 2.202291779463210614e-02 1.199923541782413478e-01 5.997759087314438742e-02 3.323855237232897661e-09 9.500045394295880685e-01 3.272203377808957612e+03
6.900003271551744888e+01 2.202166816128994786e-02 1.199929372648463749e-01 5.997882269370292257e-02 3.920521599750601443e-09 9.500045083509256472e-01 3.272203377808957612e+03
6.900004734349418811e+01 2.201828685560975815e-02 1.199936650386982107e-01 5.997946499106406731e-02 3.772994530411535106e-09 9.500049118640589985e-01 3.272203377808957612e+03
6.900004721142347819e+01 2.201386293514476927e-02 1.199936701177097692e-01 5.998258007401845865e-02 4.082397494776126869e-09 9.500046487799990169e-01 3.272203377808957612e+03
6.900007858103816716e+01 2.201603137986562347e-02 1.199930672174415180e-01 5.998216895742888854e-02 4.292145672404206505e-09 9.500041307131038559e-01 3.272203377808957612e+03
6.900008324740090870e+01 2.201992778726597280e-02 1.199933336823054419e-01 5.998444011133301917e-02 4.250661236475657232e-09 9.500039980726464606e-01 3.272203377808957612e+03
6.900010158170653085e+01 2.202137469257726965e-02 1.199925884057558706e-01 5.998067596479677438e-02 4.075864390862089639e-09 9.500049272418502611e-01 3.272203377808957612e+03
6.900011236335615195e+01 2.202325107314750258e-02 1.199930110412141954e-01 5.998150833728826264e-02 4.336254306576153614e-09 9.500051575563043249e-01 3.272203377808957612e+03
6.900010438128173007e+01 2.202599329002258299e-02 1.199948057016418795e-01 5.998579601603815092e-02 4.043232235727598856e-09 9.500043791706733742e-01 3.272203377808957612e+03
6.900011007308282274e+01 2.202716162532048633e-02 1.199939289055485386e-01 5.998641524613077675e-02 3.762356193219809228e-09 9.500050221053850663e-01 3.272203377808957612e+03
6.900009149052868906e+01 2.202637673240260413e-02 1.199947908562197380e-01 5.998659268505884129e-02 3.870362294109903874e-09 9.500051795612585170e-01 3.272203377808957612e+03
6.900008163090765834e+01 2.202044202741447465e-02 1.199924776002246618e-01 5.998643190639178085e-02 4.157569961506299177e-09 9.500054734400851242e-01 3.272203377808957612e+03
6.900007497824795166e+01 2.202278988316097239e-02 1.199929537049824191e-01 5.999037765376886294e-02 4.231772449150553870e-09 9.500053102967982444e-01 3.272203377808957612e+03
6.900006973321288228e+01 2.202171953793051473e-02 1.199932660329531137e-01 5.998917013943930870e-02 3.913309710596452802e-09 9.500043532668166479e-01 3.272203377808957612e+03
6.900001792497290865e+01 2.202094009788023096e-02 1.199936366882623506e-01 5.998721522865480688e-02 4.062321111898862446e-09 9.500047622895817501e-01 3.272203377808957612e+03
6.900001615688574930e+01 2.202373972254903500e-02 1.199931503517072950e-01 5.998663850411553589e-02 4.106917801875060707e-09 9.500043727731216636e-01 3.272203377808957612e+03
6.900002111676518268e+01 2.202034945895175663e-02 1.199936625007687746e-01 5.998896252831351777e-02 3.284007175014693669e-09 9.500044285768526331e-01 3.272203377808957612e+03
6.900000148339981365e+01 2.201922210497076274e-02 1.199914845789473022e-01 5.999121362399374713e-02 3.544675739121737523e-09 9.500044524764601483e-01 3.272203377808957612e+03
6.899998704856976417e+01 2.201992115812273151e-02 1.199924252326446811e-01 5.999040557322429801e-02 3.384613494110241020e-09 9.500042689914018901e-01 3.272203377808957612e+03
6.899999382726555552e+01 2.201492823554321646e-02 1.199912683853508882e-01 5.999245789354713809e-02 3.261576749799141128e-09 9.500041979477573673e-01 3.272203377808957612e+03
6.899998115541168886e+01 2.201478350778569154e-02 1.199927546284637048e-01 5.999150873938544765e-02 3.632463348883987686e-09 9.500041897808367830e-01 3.272203377808957612e+03
6.899996868672599248e+01 2.201980741413631787e-02 1.199930227718948444e-01 5.999337562445900690e-02 3.671867633317627512e-09 9.500029478990908993e-01 3.272203377808957612e+03
6.899994414748340432e+01 2.202148129557667325e-02 1.199931337354744471e-01 5.999351111784055612e-02 3.501027378652942337e-09 9.500024829260769188e-01 3.272203377808957612e+03
6.899991108545896168e+01 2.202206052661412339e-02 1.199951342307796764e-01 5.999119713745214300e-02 3.477196007808440137e-09 9.500037378404453392e-01 3.272203377808957612e+03
6.899990827202873334e+01 2.202166251613346323e-02 1.199944907232520785e-01 5.999081117129948654e-02 3.190167355286659711e-09 9.500042928227684369e-01 3.272203377808957612e+03
6.899991657438219761e+01 2.202408063646161054e-02 1.199938760690480999e-01 5.999001387548333342e-02 3.423111365978081891e-09 9.500040393985921261e-01 3.272203377808957612e+03
6.899994414605482973e+01 2.202428358660752511e-02 1.199933936264962892e-01 5.998698285554188853e-02 3.527754785994269916e-09 9.500043345135003037e-01 3.272203377808957612e+03
6.899993360630340078e+01 2.202576996243324828e-02 1.199932296936916665e-01 5.998372851007836848e-02 3.188557340219254705e-09 9.500041823347188386e-01 3.272203377808957612e+03
6.899991035420255514e+01 2.202492232330894445e-02 1.199929208469442538e-01 5.998229324313116700e-02 3.081497006173180704e-09 9.500039834622138191e-01 3.272203377808957612e+03
6.899994417244714384e+01 2.202640797263400937e-02 1.199938960771953639e-01 5.998141576600914127e-02 2.884763905913194366e-09 9.500045895183868438e-01 3.272203377808957612e+03
6.899993490245297778e+01 2.202820399094824327e-02 1.199934686188062760e-01 5.998380303518297679e-02 2.851447359813178713e-09 9.500044031604218953e-01 3.272203377808957612e+03
6.899995395994055514e+01 2.202852099767071969e-02 1.199931972881025932e-01 5.998516902934836886e-02 2.202886127860296710e-09 9.500036691854327753e-01 3.272203377808957612e+03
6.899995492247560946e+01 2.202881143605846248e-02 1.199938914704917897e-01 5.998438560796810065e-02 1.986876883887592362e-09 9.500040406486510713e-01 3.272203377808957612e+03
6.899996481196841103e+01 2.203154358108719291e-02 1.199951455576332982e-01 5.998451034036694079e-02 1.792635635407584581e-09 9.500038438697075982e-01 3.272203377808957612e+03
6.899996703969033263e+01 2.203039691897570873e-02 1.199952424298914161e-01 5.998492605441749920e-02 2.437034419397209140e-09 9.500041455250168854e-01 3.272203377808957612e+03
6.899994563937157466e+01 2.202838104553071427e-02 1.199941941427588726e-01 5.998529382527905546e-02 2.182290648114084988e-09 9.500035138050186845e-01 3.272203377808957612e+03
6.899993361739646502e+01 2.202592212142308326e-02 1.199944364569649202e-01 5.998466511935272860e-02 1.464645999735424493e-09 9.500033630025721543e-01 3.272203377808957612e+03
6.899995698472568506e+01 2.202573506038118384e-02 1.199941500293366103e-01 5.998421825385511635e-02 1.231017465040631249e-09 9.500045729214522394e-01 3.272203377808957612e+03
6.899995449486621624e+01 2.202577802263747109e-02 1.199950857746509836e-01 5.998667187888732238e-02 1.301480791947797903e-09 9.500045701487220828e-01 3.272203377808957612e+03
6.899995989294308174e+01 2.202540516026407075e-02 1.199946651250169416e-01 5.998763572500518532e-02 1.036991903393539006e-09 9.500051310235763102e-01 3.272203377808957612e+03
6.899997429376392688e+01 2.202356421810030412e-02 1.199952500188954246e-01 5.998593289680748120e-02 1.197530751533627939e-09 9.500048639397205008e-01 3.272203377808957612e+03
6.899997064463853746e+01 2.202513137915820471e-02 1.199952849604317417e-01 5.998729896716954030e-02 1.341183709174863246e-09 9.500037677743191633e-01 3.272203377808957612e+03
6.899995678061866045e+01 2.202319267405222422e-02 1.199957626864271154e-01 5.998668122779456796e-02 2.010349709359936267e-09 9.500036389584058938e-01 3.272203377808957612e+03
6.899997447038992959e+01 2.202411259235027147e-02 1.199951640019372850e-01 5.998521763559783865e-02 2.224569825671475285e-09 9.500041893046896613e-01 3.272203377808957612e+03
6.899998936318395693e+01 2.202498993398261523e-02 1.199960674706971597e-01 5.998440185695674137e-02 2.076455911848404833e-09 9.500041198384000518e-01 3.272203377808957612e+03
6.900000331066965487e+01 2.202731855617851703e-02 1.199968297463427924e-01 5.998590047686543081e-02 2.375528763474076499e-09 9.500043828472212182e-01 3.272203377808957612e+03
6.899997891700260766e+01 2.202397288396383893e-02 1.199964652873285464e-01 5.998622167341118028e-02 2.815334507768716349e-09 9.500044091222930032e-01 3.272203377808957612e+03
6.899998167790117520e+01 2.202202154777622295e-02 1.199950622663161770e-01 5.998904832558660943e-02 3.044151985991054326e-09 9.500027634890850781e-01 3.272203377808957612e+03
6.899997166716018171e+01 2.202118062044875965e-02 1.199929088043009545e-01 5.999158751196764783e-02 3.301426938668897091e-09 9.500027188954122126e-01 3.272203377808957612e+03
6.899999179202217192e+01 2.202571157860895579e-02 1.199938411659703941e-01 5.999448592285756138e-02 2.757466121808469601e-09 9.500031314928766291e-01 3.272203377808957612e+03
6.900000945226740612e+01 2.202508979313266141e-02 1.199924186430083167e-01 5.999500737217974139e-02 3.146738216350487579e-09 9.500047777622341316e-01 3.272203377808957612e+03
6.900000738413716306e+01 2.202597468586796683e-02 1.199933039436625187e-01 5.999340984892514300e-02 2.950011762239963547e-09 9.500047128921337292e-01 3.272203377808957612e+03
6.899997821051066182e+01 2.202567976761581753e-02 1.199918338911272198e-01 5.999284651247813877e-02 3.228172056280886059e-09 9.500043458887675873e-01 3.272203377808957612e+03
6.899998341765353871e+01 2.202338952322941204e-02 1.199917550039751035e-01 5.999178554287946247e-02 3.020018142949448200e-09 9.500046098441480291e-01 3.272203377808957612e+03
6.899997604808237384e+01 2.201995891067572847e-02 1.199935494888536847e-01 5.999260880142722602e-02 3.141570463743956682e-09 9.500045444909865910e-01 3.272203377808957612e+03
6.899996959243726735e+01 2.201781205206466974e-02 1.199943334706137371e-01 5.999221965200321471e-02 2.974819591246693020e-09 9.500042964397170664e-01 3.272203377808957612e+03
6.899996349826693631e+01 2.201844251225961585e-02 1.199943041907754609e-01 5.999045416912784229e-02 3.114054069934950258e-09 9.500048967375593900e-01 3.272203377808957612e+03
6.899996210603892166e+01 2.201253829772479090e-02 1.199940059894617772e-01 5.998995597848363892e-02 2.931766933990722394e-09 9.500037262364158241e-01 3.272203377808957612e+03
6.899995993517782722e+01 2.201404325021213970e-02 1.199947822765302652e-01 5.998906399290311608e-02 2.554884733420200288e-09 9.500039398395982992e-01 3.272203377808957612e+03
6.899994143647019484e+01 2.201204719512158889e-02 1.199956497332437255e-01 5.998865325686059818e-02 2.674302826658490334e-09 9.500037264185728914e-01 3.272203377808957612e+03
6.899996346023193894e+01 2.201744467151941706e-02 1.199968029579891321e-01 5.998882462547332900e-02 2.037261573020680188e-09 9.500030992304824284e-01 3.272203377808957612e+03
6.899995632024645431e+01 2.201645252128956592e-02 1.199966223772276075e-01 5.998443168078236576e-02 1.454627520550933396e-09 9.500022470946188902e-01 3.272203377808957612e+03
6.899994615421924493e+01 2.201806843799992974e-02 1.199971910602066621e-01 5.998750963636662742e-02 1.763704384380121201e-09 9.500017778420446479e-01 3.272203377808957612e+03
6.899995422281119772e+01 2.201059362916734513e-02 1.199992344372532022e-01 5.998737023564577192e-02 1.865651658854656375e-09 9.500010013435790102e-01 3.272203377808957612e+03
6.899996099646160985e+01 2.201352853058951078e-02 1.200004674007660310e-01 5.998822025653086781e-02 2.029990802198862566e-09 9.499999371653695679e-01 3.272203377808957612e+03
6.899995834932535388e+01 2.201332994444206784e-02 1.200001391473030088e-01 5.998631356884971677e-02 2.264743641255472669e-09 9.499999654230693036e-01 3.272203377808957612e+03
6.899994837237387912e+01 2.201273510023377816e-02 1.200001354376166174e-01 5.998642058528970422e-02 2.110180404554761651e-09 9.499998520174526284e-01 3.272203377808957612e+03
6.899993085415268013e+01 2.201344599017686365e-02 1.199999153396992396e-01 5.998388341767383475e-02 2.028751429583628310e-09 9.499988885307413256e-01 3.272203377808957612e+03
6.899991149817473968e+01 2.201851652880284019e-02 1.199999321395259222e-01 5.998460239280351686e-02 1.929496754959588635e-09 9.499984230041984556e-01 3.272203377808957612e+03
6.899989449331621927e+01 2.201119464496298014e-02 1.199988372425592614e-01 5.998849807326795541e-02 2.003279361072123863e-09 9.499990986407991223e-01 3.272203377808957612e+03
6.899991083719376661e+01 2.200998460694056011e-02 1.199995392689307966e-01 5.998537551240058774e-02 2.108839081013191163e-09 9.499987293091980423e-01 3.272203377808957612e+03
6.899990058410692484e+01 2.201108125245063163e-02 1.199998858936375951e-01 5.998669806020909961e-02 1.696005460722229445e-09 9.499982523898774511e-01 3.272203377808957612e+03
6.899990689726871551e+01 2.200902702980694556e-02 1.199995710137841537e-01 5.998630887269280898e-02 1.652385369707019835e-09 9.499976956464136757e-01 3.272203377808957612e+03
6.899991943568788599e+01 2.200848266549747245e-02 1.199998799820088113e-01 5.998972681214714137e-02 1.180554438874282202e-09 9.499979725986676948e-01 3.272203377808957612e+03
6.899991686759696563e+01 2.201107942886272595e-02 1.199991895218905785e-01 5.998755397049593263e-02 3.726249467409770711e-10 9.499978051972223225e-01 3.272203377808957612e+03
6.899988651965490760e+01 2.200924727731552039e-02 1.199994928465295263e-01 5.998702714559885768e-02 1.692129404765922015e-10 9.499972855822684803e-01 3.272203377808957612e+03
6.899989035148483651e+01 2.201111731608830849e-02 1.199974990096814437e-01 5.998442537584353085e-02 1.488031918369746697e-10 9.499969192211455971e-01 3.272203377808957612e+03
6.899987445834166522e+01 2.201004763966946109e-02 1.199985131338983380e-01 5.998654504114229319e-02 1.714382187194886472e-10 9.499961266456047326e-01 3.272203377808957612e+03
6.899989621657013572e+01 2.201175740830387320e-02 1.199976500895272163e-01 5.998522734128714645e-02 5.930592178342627509e-10 9.499967049560782417e-01 3.272203377808957612e+03
6.899987590047581421e+01 2.201261477970506419e-02 1.199989004453455993e-01 5.998639695475814493e-02 1.787204119732314884e-10 9.499967324329856577e-01 3.272203377808957612e+03
6.899984940969262937e+01 2.201186365142036166e-02 1.199994739759372708e-01 5.998576870250448695e-02 -2.758621061417090980e-10 9.499959450436751274e-01 3.272203377808957612e+03
6.899983297598119236e+01 2.201613866595947613e-02 1.199978409611241609e-01 5.998732427734643213e-02 -7.877938851071271930e-10 9.499949625608620218e-01 3.272203377808957612e+03
6.899981413945715758e+01 2.201557004912199286e-02 1.199995420900393378e-01 5.998754211769161127e-02 -1.423919724079570589e-09 9.499955958414501023e-01 3.272203377808957612e+03
6.899981576729172161e+01 2.201780675657437694e-02 1.199990397625548127e-01 5.999000603867731679e-02 -1.205434994510121373e-09 9.499959483897049140e-01 3.272203377808957612e+03
6.899982076321879276e+01 2.201991343520895775e-02 1.199996588593326280e-01 5.998839812216157086e-02 -1.601368614651411155e-09 9.499957814773062337e-01 3.272203377808957612e+03
6.899980680325421645e+01 2.201945159398417326e-02 1.199989811059119227e-01 5.999214276080191977e-02 -1.880415768251380698e-09 9.499964328077732389e-01 3.272203377808957612e+03
6.899979808495203315e+01 2.202141200258634496e-02 1.199987531339935104e-01 5.999116473508631781e-02 -2.113348316570620756e-09 9.499952941983035304e-01 3.272203377808957612e+03
6.899980459711747471e+01 2.202149530763109972e-02 1.199985705694178589e-01 5.999170260761644419e-02 -1.462979134801483913e-09 9.499951813781707388e-01 3.272203377808957612e+03
6.899979720951257889e+01 2.201845340387670324e-02 1.200000681905642325e-01 5.998901416380942458e-02 -1.965878066402107743e-09 9.499964516037142648e-01 3.272203377808957612e+03
6.899980967492705020e+01 2.201545674322155643e-02 1.200010832893552287e-01 5.999074552463800475e-02 -2.064671408038271219e-09 9.499970889056656986e-01 3.272203377808957612e+03
6.899979954177368313e+01 2.201884010518133372e-02 1.200012100935117509e-01 5.999051327871298550e-02 -2.083530897998112508e-09 9.499970359478367987e-01 3.272203377808957612e+03
6.899981535279572142e+01 2.201901273637534712e-02 1.200014285250453061e-01 5.998824073074450480e-02 -1.157840716668061182e-09 9.499969479607346390e-01 3.272203377808957612e+03
6.899980880865042820e+01 2.202254380939644082e-02 1.200015127034173568e-01 5.998794841411821815e-02 -6.829194547916107739e-10 9.499967170128046368e-01 3.272203377808957612e+03
6.899980067885205415e+01 2.202307459406260479e-02 1.200022487838201951e-01 5.998648887130932084e-02 -5.224621798665094534e-10 9.499976503688446483e-01 3.272203377808957612e+03
6.899980476163280230e+01 2.202552982390950168e-02 1.200031580257978070e-01 5.998496522599022079e-02 -3.688783092379191127e-10 9.499977487490142147e-01 3.272203377808957612e+03
6.899977613230602458e+01 2.202051790733580011e-02 1.200022165581639128e-01 5.998262466707146578e-02 -2.564638886277011814e-10 9.499977660629888021e-01 3.272203377808957612e+03
6.899979544254705388e+01 2.201967609565394501e-02 1.200013984931491140e-01 5.998037710681339285e-02 4.865154616285754530e-10 9.499987837615262443e-01 3.272203377808957612e+03
6.899977660606519692e+01 2.202434949880862844e-02 1.200021646206707870e-01 5.998243769539291642e-02 4.155432116025223577e-10 9.499984297277045409e-01 3.272203377808957612e+03
6.899979972121900573e+01 2.202508792613118091e-02 1.200013604255158878e-01 5.997953511278183297e-02 -9.710107573416077894e-12 9.499982343955982733e-01 3.272203377808957612e+03
6.899981762171854882e+01 2.202237894867230261e-02 1.200021235116486285e-01 5.998311117812280685e-02 3.775690134200946215e-10 9.499975975443830656e-01 3.272203377808957612e+03
6.899982084713786890e+01 2.202517221560723604e-02 1.200027833892939044e-01 5.998397909569828934e-02 -7.315225042899893818e-10 9.499972174055002494e-01 3.272203377808957612e+03
6.899982075408493642e+01 2.202402762645873022e-02 1.200024962108460491e-01 5.998096260332914237e-02 -8.570580653259596184e-10 9.499977624511692920e-01 3.272203377808957612e+03
6.899982354151481445e+01 2.202698917473519882e-02 1.200038858843604922e-01 5.997945212941270532e-02 -8.379804540282926285e-10 9.499973846964838708e-01 3.272203377808957612e+03
6.899981867329002228e+01 2.202724149093684622e-02 1.200048228560856023e-01 5.997925627396275688e-02 -6.619849659131512657e-10 9.499975871939261296e-01 3.272203377808957612e+03
6.899980148329112239e+01 2.202896079763062495e-02 1.200050547558861175e-01 5.997819925220711917e-02 -1.304005204813421110e-10 9.499974020331358737e-01 3.272203377808957612e+03
6.899979992404632867e+01 2.202976897535463899e-02 1.200052716169834749e-01 5.997784725108486897e-02 2.320464849924535758e-10 9.499976007750450258e-01 3.272203377808957612e+03
6.899981556462202548e+01 2.203446158174766564e-02 1.200043013440659223e-01 5.998000554296838149e-02 6.755607865767244039e-10 9.499979912517824143e-01 3.272203377808957612e+03
6.899982144257069194e+01 2.203765872599757966e-02 1.200042486532149483e-01 5.997966470225731678e-02 -2.308508681558195726e-10 9.499980143908430819e-01 3.272203377808957612e+03
6.899984966927814867e+01 2.203612588628161423e-02 1.200047494143521021e-01 5.998403753545225592e-02 1.751380243935777300e-10 9.499981441556558659e-01 3.272203377808957612e+03
6.899984788842056105e+01 2.203409435997242052e-02 1.200054107199773901e-01 5.998419290824667793e-02 6.246960000761540630e-10 9.499984671739030162e-01 3.272203377808957612e+03
6.899987416796720652e+01 2.202784893662691409e-02 1.200057946996740954e-01 5.998475212541846957e-02 3.276265897722168899e-10 9.499976126601274995e-01 3.272203377808957612e+03
6.899986438910912057e+01 2.202549263101841875e-02 1.200063357868945829e-01 5.998426805324867661e-02 4.300882163103744143e-10 9.499985231076945036e-01 3.272203377808957612e+03
6.899984055155972840e+01 2.202557026840119489e-02 1.200067692335718555e-01 5.998752388686821174e-02 9.538266873436196256e-10 9.499970317562652644e-01 3.272203377808957612e+03
6.899984371031082730e+01 2.202776831978487879e-02 1.200047513169961583e-01 5.998936326795909629e-02 9.580161258040275912e-10 9.499978460859196394e-01 3.272203377808957612e+03
6.899982532815224090e+01 2.202767258546290893e-02 1.200038146109877885e-01 5.999082812136007081e-02 1.567008209857961547e-09 9.499975014609952639e-01 3.272203377808957612e+03
6.899985430159854616e+01 2.202862660373849230e-02 1.200030228171040242e-01 5.998969819153356781e-02 2.026480430052720220e-09 9.499973350614085987e-01 3.272203377808957612e+03
6.899988731837068201e+01 2.202831346822597611e-02 1.200024364112439318e-01 5.999058504785047957e-02 2.149422977303237602e-09 9.499973165739545866e-01 3.272203377808957612e+03
6.899988980649720816e+01 2.202813809242228082e-02 1.200018166765519090e-01 5.998627249630404668e-02 2.395872137113589585e-09 9.499970927500119844e-01 3.272203377808957612e+03
6.899989485923889276e+01 2.202955719467995094e-02 1.200010571751564670e-01 5.998802838240904767e-02 2.351634698937943028e-09 9.499974627016424256e-01 3.272203377808957612e+03
6.899990528555028391e+01 2.202741758515971982e-02 1.200010193451970242e-01 5.999124552859716464e-02 2.838447370336351825e-09 9.499970258418521940e-01 3.272203377808957612e+03
6.899991079303516983e+01 2.202744254043753278e-02 1.200007627908408203e-01 5.998902191822472890e-02 1.792391699421109410e-09 9.499958660024677704e-01 3.272203377808957612e+03
6.899988696077937789e+01 2.202788774169290795e-02 1.200011376802322532e-01 5.998523994018828409e-02 1.876967089639959345e-09 9.499955106280552064e-01 3.272203377808957612e+03
6.899984955141989929e+01 2.202881946083723105e-02 1.200009975772073634e-01 5.998477584483972308e-02 1.562357420064732109e-09 9.499952185168996088e-01 3.272203377808957612e+03
6.899985643736030738e+01 2.202824818066005663e-02 1.199999883914439763e-01 5.998561221881357902e-02 1.235707411329351941e-09 9.499948935654436433e-01 3.272203377808957612e+03
6.899986046007551010e+01 2.203220770219721514e-02 1.200009772060845331e-01 5.998848235859201988e-02 1.103187261641940475e-09 9.499948343751214441e-01 3.272203377808957612e+03
6.899986450042156605e+01 2.203288027136432459e-02 1.200002846161985215e-01 5.998810494725630160e-02 1.450697187470214568e-09 9.499949801106307712e-01 3.272203377808957612e+03
6.899988976614245928e+01 2.203372277970956986e-02 1.200001782096744296e-01 5.999003788817312138e-02 1.156800675078852837e-09 9.499942485456150942e-01 3.272203377808957612e+03
6.899987768107166630e+01 2.203199913587609166e-02 1.199997487617626424e-01 5.999239908672995836e-02 1.887430401847381018e-09 9.499952621193750169e-01 3.272203377808957612e+03
6.899987546743624023e+01 2.203105463571545380e-02 1.199994352919675489e-01 5.999241403184202293e-02 2.640859227459066182e-09 9.499953038413624373e-01 3.272203377808957612e+03
6.899989541546371186e+01 2.203175208912475438e-02 1.199989453799727018e-01 5.999306391181311038e-02 2.571281371169724726e-09 9.499951480910328039e-01 3.272203377808957612e+03
6.899986574283944663e+01 2.203387442458965007e-02 1.200006058712238255e-01 5.999322959257126497e-02 2.962224024762560466e-09 9.499944055724020009e-01 3.272203377808957612e+03
6.899984579551907871e+01 2.203444966742768366e-02 1.199997877799699186e-01 5.999217774534640335e-02 2.414979791380944908e-09 9.499939635131451343e-01 3.272203377808957612e+03
6.899983320035489953e+01 2.203142019930057552e-02 1.199998221559610972e-01 5.998884180320403908e-02 1.808749197163230554e-09 9.499944550715886393e-01 3.272203377808957612e+03
6.899985506607916363e+01 2.203316018940784660e-02 1.200008985493796893e-01 5.998684231329591554e-02 1.081052183224541413e-09 9.499950309180710262e-01 3.272203377808957612e+03
6.899985349190700390e+01 2.203368527701744101e-02 1.200024197241120610e-01 5.998440686700651919e-02 1.187464877226860842e-09 9.499935869294725554e-01 3.272203377808957612e+03
6.899984508124650517e+01 2.203094246487970198e-02 1.200028393439402513e-01 5.998425071478125786e-02 9.409011192052121451e-10 9.499934042138817869e-01 3.272203377808957612e+03
6.899985490203168581e+01 2.203208118670113569e-02 1.200032336488092433e-01 5.998342833242137351e-02 -4.695118094770787123e-12 9.499927206551053160e-01 3.272203377808957612e+03
6.899984097413795325e+01 2.203161774778421289e-02 1.200038547642667819e-01 5.998620178611199089e-02 7.702999712422130960e-10 9.499929150009441825e-01 3.272203377808957612e+03
6.899981453606396542e+01 2.203234358415395028e-02 1.200036261623761980e-01 5.998210313248651671e-02 5.649164885412321729e-10 9.499928338773725445e-01 3.272203377808957612e+03
6.899983362446062074e+01 2.203436951877560390e-02 1.200017850221896387e-01 5.998126639584402953e-02 2.734662093749698276e-10 9.499928574346335752e-01 3.272203377808957612e+03
6.899983131620624022e+01 2.203345876296496433e-02 1.200009330168604477e-01 5.998177106137025233e-02 3.272635194345307308e-10 9.499928924781562145e-01 3.272203377808957612e+03
6.899983735317579203e+01 2.203254516813851066e-02 1.200013664278585385e-01 5.997914361918633280e-02 7.475770165914812886e-10 9.499926658797043233e-01 3.272203377808957612e+03
6.899981098211881658e+01 2.202995858215146818e-02 1.200010479047310535e-01 5.997892044899102992e-02 5.515583154133392016e-10 9.499931605984778260e-01 3.272203377808957612e+03
6.899981249425508167e+01 2.203169869325326269e-02 1.200004118163199990e-01 5.997930618934284308e-02 7.993380006838558920e-10 9.499933218591715134e-01 3.272203377808957612e+03
6.899978174229086392e+01 2.203521233744450136e-02 1.199997723916915032e-01 5.997931773777896020e-02 6.933900475291281064e-10 9.499936344075752270e-01 3.272203377808957612e+03
6.899976660429224751e+01 2.203517629894080621e-02 1.200006010782961596e-01 5.997812725008590945e-02 8.032568155666075045e-10 9.499938616615322129e-01 3.272203377808957612e+03
6.899976289903074189e+01 2.203840249097755236e-02 1.200011689914434881e-01 5.997532287414380353e-02 1.727313814783775443e-10 9.499941948933524616e-01 3.272203377808957612e+03
6.899976171069559427e+01 2.204105367435709589e-02 1.200014073995239461e-01 5.997768356771739084e-02 1.366712485066091974e-10 9.499939733665061503e-01 3.272203377808957612e+03
6.899974569348982811e+01 2.204229890351432769e-02 1.200026162546788816e-01 5.997697065940374439e-02 1.462608712867586120e-10 9.499936894836162882e-01 3.272203377808957612e+03
6.899971887847598850e+01 2.204071974484239985e-02 1.200031799308801800e-01 5.997822131202496659e-02 7.676181919048545560e-10 9.499936122140834049e-01 3.272203377808957612e+03
6.899971702635670567e+01 2.204071545118642048e-02 1.200020486124548369e-01 5.997629194456003537e-02 9.600966695899006822e-10 9.499934590269548673e-01 3.272203377808957612e+03
6.899973014806676019e+01 2.204591466507109868e-02 1.200028589641835147e-01 5.997795078250930251e-02 9.790473692427352926e-10 9.499921731250504653e-01 3.272203377808957612e+03
6.899971170415699362e+01 2.204502756261282614e-02 1.200031464823632793e-01 5.997799637414519269e-02 4.480870143093602199e-10 9.499923808143918569e-01 3.272203377808957612e+03
6.899971141426554766e+01 2.204051030188766344e-02 1.200027943760809679e-01 5.997757211779494724e-02 3.443397824384091500e-11 9.499925078633505438e-01 3.272203377808957612e+03
6.899972994620362954e+01 2.204090616138154948e-02 1.200022392012829453e-01 5.997511877040791889e-02 -3.678817331450800986e-10 9.499926704663795851e-01 3.272203377808957612e+03
6.899971914826758734e+01 2.204352355856772569e-02 1.200036879413632351e-01 5.997604681500207785e-02 2.626766672571397301e-10 9.499922838757892674e-01 3.272203377808957612e+03
6.899974116412458613e+01 2.204392698528748890e-02 1.200024370094115445e-01 5.997696637077940679e-02 -5.573114672939487760e-10 9.499931785388688876e-01 3.272203377808957612e+03
6.899973083861753764e+01 2.204114637734298776e-02 1.200014146969897583e-01 5.997621704845038093e-02 -1.694783611051209005e-10 9.499942511618746366e-01 3.272203377808957612e+03
6.899972837369854517e+01 2.203975205990443484e-02 1.200018902487560019e-01 5.997687261630511857e-02 -5.889671897502220376e-10 9.499942903859848187e-01 3.272203377808957612e+03
6.899969641983481949e+01 2.204150837225380549e-02 1.200019566404483679e-01 5.998076433432111138e-02 -2.000758881483927381e-10 9.499944803278275174e-01 3.272203377808957612e+03
6.899966101797517126e+01 2.204247749842203410e-02 1.200024131579916498e-01 5.998009234727338934e-02 -6.723824949745707698e-10 9.499940049482934468e-01 3.272203377808957612e+03
6.899966269615626402e+01 2.204189014332046115e-02 1.200027021537860283e-01 5.998108109694975237e-02 -4.774801019790671697e-10 9.499937018774906594e-01 3.272203377808957612e+03
6.899965388448325143e+01 2.204237621246030523e-02 1.200056391070838668e-01 5.998151252935059186e-02 -3.787937701612409046e-10 9.499934028211340920e-01 3.272203377808957612e+03
6.899963825839788001e+01 2.204358556390173876e-02 1.200065877785848056e-01 5.997898337173254019e-02 -2.505238140192820673e-10 9.499948645746548737e-01 3.272203377808957612e+03
6.899966038703934146e+01 2.203964400322914671e-02 1.200053048616113865e-01 5.997740977198846163e-02 -7.738151433090114292e-10 9.499944701763987087e-01 3.272203377808957612e+03
6.899967827562909406e+01 2.204298178153864252e-02 1.200070579667078252e-01 5.997653228237746770e-02 -9.827348842721361956e-10 9.499944705619144392e-01 3.272203377808957612e+03
6.899967370666337274e+01 2.204418296097645016e-02 1.200064185186723587e-01 5.997631968808076613e-02 -8.776088477402610368e-10 9.499937961892176430e-01 3.272203377808957612e+03
6.899970977776058589e+01 2.204153449753730454e-02 1.200059272857562365e-01 5.997747354626408595e-02 -7.307444055035976687e-10 9.499931791689436578e-01 3.272203377808957612e+03
6.899970858997886580e+01 2.204074075789281065e-02 1.200066156439097281e-01 5.997972976708419030e-02 -6.227708003544352682e-10 9.499929271421464483e-01 3.272203377808957612e+03
6.899971063855740283e+01 2.203896798712212668e-02 1.200061930257487475e-01 5.998027414233370047e-02 -2.986284262639186336e-10 9.499933304114300814e-01 3.272203377808957612e+03
6.899973403356291612e+01 2.203753075941358025e-02 1.200061916525179545e-01 5.997848896305569416e-02 -1.376306263228023189e-09 9.499933284142263457e-01 3.272203377808957612e+03
6.899975495316733998e+01 2.203514434599682451e-02 1.200059107247640061e-01 5.997576088827067525e-02 -1.164159655010588588e-09 9.499930634268733964e-01 3.272203377808957612e+03
6.899975270075788103e+01 2.203473122539911441e-02 1.200062302263698033e-01 5.997844500841066628e-02 -9.212394924131225425e-10 9.499930046108248094e-01 3.272203377808957612e+03
6.899973825256888915e+01 2.203483583119049405e-02 1.200052051835411443e-01 5.997653493851082263e-02 -1.530346954127118874e-09 9.499933014850064916e-01 3.272203377808957612e+03
6.899973979437935157e+01 2.202908625922442645e-02 1.200036246400666001e-01 5.997555795644544246e-02 -1.628670535102802758e-09 9.499936149786167849e-01 3.272203377808957612e+03
6.899973696423246849e+01 2.203090679329555365e-02 1.200041185312645392e-01 5.997548162044619852e-02 -2.127298271236739067e-09 9.499939971694134622e-01 3.272203377808957612e+03
6.899974233980287863e+01 2.203219230919698651e-02 1.200053474239807100e-01 5.997606707598197168e-02 -1.738203316718865014e-09 9.499934501826472477e-01 3.272203377808957612e+03
6.899975444444255857e+01 2.203313406117421436e-02 1.200060236390677881e-01 5.997572547301079776e-02 -2.331981123189309490e-09 9.499937563242060179e-01 3.272203377808957612e+03
6.899977945171460192e+01 2.203005513734113130e-02 1.200062286069010359e-01 5.997664711496182577e-02 -2.560024430827759331e-09 9.499938670895453630e-01 3.272203377808957612e+03
6.899980115368678923e+01 2.202778573653576752e-02 1.200059111763365077e-01 5.997963780331109357e-02 -2.026715862553625635e-09 9.499932421455054010e-01 3.272203377808957612e+03
6.899978660439366251e+01 2.202374544019386829e-02 1.200047280414690415e-01 5.998190519935864273e-02 -1.558693859867430608e-09 9.499931198116634556e-01 3.272203377808957612e+03
6.899979468812910000e+01 2.202575809125702916e-02 1.200052696923744611e-01 5.998103355589221725e-02 -1.429689560534163830e-09 9.499930793784207017e-01 3.272203377808957612e+03
6.899977682400971446e+01 2.202805537494719954e-02 1.200058969882622645e-01 5.998112865057269455e-02 -1.736608146731787989e-09 9.499921512016110681e-01 3.272203377808957612e+03
6.899979381590712535e+01 2.202633144279688218e-02 1.200064386567435970e-01 5.997950184075985514e-02 -2.268962152704963996e-09 9.499928858075888938e-01 3.272203377808957612e+03
6.899977701332498725e+01 2.202675198041564170e-02 1.200065437301229415e-01 5.998307975108972678e-02 -2.036149965633987611e-09 9.499925004223565006e-01 3.272203377808957612e+03
6.899976349232785822e+01 2.202642053083087720e-02 1.200073266057819776e-01 5.998128274944450333e-02 -1.386722373626247263e-09 9.499932340553346455e-01 3.272203377808957612e+03
6.899976942351443654e+01 2.202921513826062647e-02 1.200073862279427694e-01 5.998458158876900093e-02 -1.588846213558127972e-09 9.499938197688034824e-01 3.272203377808957612e+03
6.899978208273978453e+01 2.202339823636717542e-02 1.200073796737192444e-01 5.998274582378147757e-02 -1.444224965705101052e-09 9.499920743110776833e-01 3.272203377808957612e+03
6.899978204511776880e+01 2.202162730816168215e-02 1.200065608625312530e-01 5.998348965602267463e-02 -1.187143030721280971e-09 9.499920236663564888e-01 3.272203377808957612e+03
6.899977058804947205e+01 2.202398937466949758e-02 1.200082939171347590e-01 5.998453112052878206e-02 -1.171061452668259388e-09 9.499911477302266372e-01 3.272203377808957612e+03
6.899976236061267798e+01 2.202141383825978113e-02 1.200079130614161854e-01 5.998283371664992619e-02 -1.579466368405354687e-09 9.499920008552572570e-01 3.272203377808957612e+03
6.899974764831493701e+01 2.202081798120825509e-02 1.200074994095803177e-01 5.998365323846026331e-02 -1.665108015244372521e-09 9.499927628523420209e-01 3.272203377808957612e+03
6.899975374902537339e+01 2.201645229725534766e-02 1.200087941645237299e-01 5.998448037553937018e-02 -1.878025959847286092e-09 9.499928215905916185e-01 3.272203377808957612e+03
6.899974661610119142e+01 2.201707114426252471e-02 1.200088037148952097e-01 5.998341626547371713e-02 -2.574445851555767353e-09 9.499922585431904709e-01 3.272203377808957612e+03
6.899976361345656528e+01 2.202125618949725763e-02 1.200074788467575537e-01 5.998372882932777317e-02 -2.426558948142723947e-09 9.499919095879219011e-01 3.272203377808957612e+03
6.899975227748259954e+01 2.201998171859498657e-02 1.200083236321335123e-01 5.998496410222383529e-02 -2.915454512254602281e-09 9.499919873878991394e-01 3.272203377808957612e+03
6.899975334442066810e+01 2.201904545903195926e-02 1.200079837525497850e-01 5.998521238779593034e-02 -2.457861142214979722e-09 9.499920245995344681e-01 3.272203377808957612e+03
6.899977580232429375e+01 2.201684862862623646e-02 1.200078428607055103e-01 5.998691856384744808e-02 -2.610914136370970334e-09 9.499922332083299281e-01 3.272203377808957612e+03
6.899978402722000226e+01 2.201872003545877685e-02 1.200084030644813643e-01 5.998805643672164983e-02 -2.200599407955585985e-09 9.499930368896558619e-01 3.272203377808957612e+03
6.899980339781251359e+01 2.202139338909215802e-02 1.200080133540860211e-01 5.998855719096925221e-02 -2.563670919632989953e-09 9.499937099452095968e-01 3.272203377808957612e+03
6.899980653721540591e+01 2.202384365672474531e-02 1.200075392263077606e-01 5.999042096483818420e-02 -2.593260019819980976e-09 9.499934139511879705e-01 3.272203377808957612e+03
6.899977845934394338e+01 2.202153103433549322e-02 1.200093898140841414e-01 5.999042574011115986e-02 -2.777212784656220911e-09 9.499942698646390848e-01 3.272203377808957612e+03
6.899979645049064914e+01 2.201849445210806930e-02 1.200091739408944008e-01 5.998846920906036884e-02 -3.012211135386569286e-09 9.499952308714655347e-01 3.272203377808957612e+03
6.899980340880779295e+01 2.202197551868217279e-02 1.200082707610969357e-01 5.998449653976238582e-02 -3.088635861176903849e-09 9.499958273894792971e-01 3.272203377808957612e+03
6.899980938284419096e+01 2.202324284163445847e-02 1.200082201426869721e-01 5.998428395755608239e-02 -2.982252549161850664e-09 9.499954253492447487e-01 3.272203377808957612e+03
6.899980564060956567e+01 2.202263691202032206e-02 1.200088774187280521e-01 5.998480499455386555e-02 -3.335978136904752889e-09 9.499948971517647722e-01 3.272203377808957612e+03
6.899982247633589338e+01 2.202337696135023282e-02 1.200100888923376213e-01 5.998514616853960202e-02 -3.864234271226035316e-09 9.499942869576317728e-01 3.272203377808957612e+03
6.899982982147781740e+01 2.202218035520134981e-02 1.200100433333940037e-01 5.998112204812975495e-02 -3.815666829171031912e-09 9.499946363050136844e-01 3.272203377808957612e+03
6.899984719172995540e+01 2.202021212367290259e-02 1.200103408291015722e-01 5.997858600163286785e-02 -3.688731653282633637e-09 9.499942616915671989e-01 3.272203377808957612e+03
6.899986644845689909e+01 2.202316497190093258e-02 1.200096654067667329e-01 5.998250584331091262e-02 -3.757215510252230564e-09 9.499946793398624800e-01 3.272203377808957612e+03
6.899987560712398249e+01 2.202176932545239427e-02 1.200079567285682741e-01 5.998235805504554402e-02 -3.116528481564778849e-09 9.499943501529541923e-01 3.272203377808957612e+03
6.899986654234014338e+01 2.202045163671869157e-02 1.200082641960618091e-01 5.998282506763465832e-02 -3.124850357662351162e-09 9.499946897038806792e-01 3.272203377808957612e+03
6.899985375401483623e+01 2.202001126722643448e-02 1.200075393360822001e-01 5.998069953133535609e-02 -2.828567792530599193e-09 9.499952706264842561e-01 3.272203377808957612e+03
6.899985932637211761e+01 2.202137100678362713e-02 1.200064386054819771e-01 5.998379434269489330e-02 -2.837360790081778193e-09 9.499949864747136985e-01 3.272203377808957612e+03
6.899984288226495721e+01 2.202184367086672950e-02 1.200076055374149492e-01 5.998296866168772307e-02 -2.768868870603405411e-09 9.499952017106966240e-01 3.272203377808957612e+03
6.899984954702954099e+01 2.202494515813156750e-02 1.200077718902198276e-01 5.998237293189524755e-02 -2.402373800246535204e-09 9.499958122770276736e-01 3.272203377808957612e+03
6.899981598795650939e+01 2.202753454226596616e-02 1.200078960946835555e-01 5.998199726410655824e-02 -2.378193199636932873e-09 9.499956639573122752e-01 3.272203377808957612e+03
6.899980172775411802e+01 2.202772310948603041e-02 1.200067280718221802e-01 5.998083415608367747e-02 -2.227688615661757229e-09 9.499958141535322920e-01 3.272203377808957612e+03
6.899983240630790249e+01 2.203271478997292226e-02 1.200039809756581477e-01 5.998122894561933038e-02 -2.420477958676071282e-09 9.499962604842048242e-01 3.272203377808957612e+03
6.899984542389256603e+01 2.203096673748772272e-02 1.200036542780990451e-01 5.998526015517920140e-02 -3.229526127781703884e-09 9.499965124502739444e-01 3.272203377808957612e+03
6.899982511228974147e+01 2.203135476089324724e-02 1.200037647099838622e-01 5.998342914016394772e-02 -3.930964051114594327e-09 9.499966374260246926e-01 3.272203377808957612e+03
6.899983058016897530e+01 2.202983983985175309e-02 1.200061988540490898e-01 5.998346186074663550e-02 -3.652597881019099385e-09 9.499974203466893252e-01 3.272203377808957612e+03
6.899983489152566563e+01 2.202872835836723608e-02 1.200060407879207230e-01 5.998513662696745852e-02 -3.921294693389067968e-09 9.499975498389748862e-01 3.272203377808957612e+03
6.899984656695181684e+01 2.202856784606875562e-02 1.200055137235283148e-01 5.998278515115425952e-02 -3.326578141219817080e-09 9.499966858503986478e-01 3.272203377808957612e+03
6.899984096592187655e+01 2.202478543906023767e-02 1.200054952187190466e-01 5.998454682016389483e-02 -3.155894754947815381e-09 9.499973215563348727e-01 3.272203377808957612e+03
6.899982379771557817e+01 2.202342133101939728e-02 1.200059773721687123e-01 5.998504284726662028e-02 -3.124774991319838480e-09 9.499963561965818482e-01 3.272203377808957612e+03
6.899982499554234039e+01 2.202646004300702967e-02 1.200050949392438143e-01 5.998206649731088053e-02 -3.122882438329337926e-09 9.499951765628305012e-01 3.272203377808957612e+03
6.899984977749255677e+01 2.202910710634046337e-02 1.200051224063999333e-01 5.998103966486449667e-02 -3.026731000008707171e-09 9.499952743754717099e-01 3.272203377808957612e+03
6.899983657595113584e+01 2.203108948937462785e-02 1.200048756033195996e-01 5.998156135743098333e-02 -2.663344337671732584e-09 9.499948346072889516e-01 3.272203377808957612e+03
6.899984398780426886e+01 2.203312465725585506e-02 1.200054878509791978e-01 5.998283223534120467e-02 -3.003453554871221855e-09 9.499949097421046540e-01 3.272203377808957612e+03
6.899983758113027932e+01 2.203307603355132704e-02 1.200046436897935498e-01 5.998516536254137888e-02 -2.383630329618925326e-09 9.499957761504352893e-01 3.272203377808957612e+03
6.899983401793180349e+01 2.203656180434667919e-02 1.200044389668367961e-01 5.998520733193775378e-02 -2.630133878996191730e-09 9.499960222396079956e-01 3.272203377808957612e+03
6.899983623350357220e+01 2.203597454664311950e-02 1.200046041871173502e-01 5.998635226180742269e-02 -2.438328216028259333e-09 9.499954869161881810e-01 3.272203377808957612e+03
6.899983863214690416e+01 2.203537095492439507e-02 1.200035272852684048e-01 5.998725322681263544e-02 -2.333457294298464784e-09 9.499953063291554090e-01 3.272203377808957612e+03
6.899982739359478501e+01 2.204095884830247626e-02 1.200022121775347200e-01 5.998734596169166822e-02 -2.069812600406084792e-09 9.499947713993319720e-01 3.272203377808957612e+03
6.899980849798686222e+01 2.203770723006403046e-02 1.200015805020937937e-01 5.998651837169746703e-02 -2.423399354369957463e-09 9.499945198394974533e-01 3.272203377808957612e+03
6.899979884692749010e+01 2.203505127449693554e-02 1.200010162888577592e-01 5.998808191619721397e-02 -1.686719306166075939e-09 9.499950849250828888e-01 3.272203377808957612e+03
6.899980246814295981e+01 2.203703492408909392e-02 1.200006019337056112e-01 5.998535863118241440e-02 -1.142008801531224533e-09 9.499958790599575265e-01 3.272203377808957612e+03
6.899980650951465577e+01 2.203472756026725321e-02 1.200010922158111920e-01 5.998367407654825456e-02 -1.343332070519385953e-09 9.499951890926424669e-01 3.272203377808957612e+03
6.899980655530809770e+01 2.203359418736803785e-02 1.199991633875578945e-01 5.998604450780058855e-02 -9.939758514799485747e-10 9.499962478981148761e-01 3.272203377808957612e+03
6.899982513364592762e+01 2.203266629394883686e-02 1.200002209171111001e-01 5.999049119795383384e-02 -1.089999699694760497e-09 9.499975309567011417e-01 3.272203377808957612e+03
6.899981304663053550e+01 2.203509726662076021e-02 1.199994072119352218e-01 5.999130705642706507e-02 -8.657040580270169822e-10 9.499976162712295835e-01 3.272203377808957612e+03
6.899982838707383337e+01 2.203202428999468179e-02 1.200000893906276872e-01 5.998695724053187961e-02 -4.745572162596243962e-10 9.499976252250914577e-01 3.272203377808957612e+03
6.899985323921558233e+01 2.203285568547196094e-02 1.200009481910796344e-01 5.998810808536322869e-02 -2.492396590349891717e-10 9.499977439401272594e-01 3.272203377808957612e+03
6.899986296626549631e+01 2.203264806475471391e-02 1.200015558427261486e-01 5.999064192019636088e-02 -4.376168340702172471e-10 9.499978028380495765e-01 3.272203377808957612e+03
6.899987227640032472e+01 2.203280760060475837e-02 1.200028449336927733e-01 5.998989112375763266e-02 -1.111611799355690208e-09 9.499979023662621369e-01 3.272203377808957612e+03
6.899988178145238749e+01 2.203097096500170396e-02 1.200030760866340612e-01 5.999410974170056587e-02 -8.626251094775770033e-10 9.499978176629702009e-01 3.272203377808957612e+03
6.899988566840966087e+01 2.203108782491379480e-02 1.200047798235879398e-01 5.999538229483479534e-02 -1.063496087184139731e-09 9.499987737351447414e-01 3.272203377808957612e+03
6.899990088093466056e+01 2.202981219799514390e-02 1.200051695912105476e-01 5.999413838071563504e-02 -9.898875727772681213e-10 9.499983565396592500e-01 3.272203377808957612e+03
6.899990392752275170e+01 2.202996578316240850e-02 1.200055132227091509e-01 5.999344951980549456e-02 -1.037572980554589243e-09 9.499992628418062468e-01 3.272203377808957612e+03
6.899992139502326438e+01 2.202706087565432791e-02 1.200058511598205563e-01 5.999236653567184552e-02 -9.992998822995746508e-10 9.499987535715240794e-01 3.272203377808957612e+03
6.899991762188544442e+01 2.202605291437856674e-02 1.200061339830508500e-01 5.999316134218609514e-02 -1.332176376114639449e-09 9.499981337093095224e-01 3.272203377808957612e+03
6.899988829700829740e+01 2.202575120123067415e-02 1.200067548260923128e-01 5.999200369086649803e-02 -8.258143330527754185e-10 9.499974469139040867e-01 3.272203377808957612e+03
6.899989124683214925e+01 2.202026401004205172e-02 1.200068747797852498e-01 5.998981964484863955e-02 -6.688250761138733860e-10 9.499979684905200950e-01 3.272203377808957612e+03
6.899989661526761608e+01 2.202022866428777342e-02 1.200050506049086252e-01 5.998639752226181399e-02 -5.324174052120974096e-10 9.499979442646183658e-01 3.272203377808957612e+03
6.899989403998287685e+01 2.202062341911874624e-02 1.200056296536659572e-01 5.998691731945394318e-02 -3.978226734285616689e-10 9.499981849744979501e-01 3.272203377808957612e+03
6.899988861810003016e+01 2.201960925231306182e-02 1.200056135509048882e-01 5.998493411100329353e-02 -2.822355220674183599e-10 9.499977525708206416e-01 3.272203377808957612e+03
6.899988899359935601e+01 2.202075774739805855e-02 1.200055093111530580e-01 5.998588474525869824e-02 -4.246602703895689016e-10 9.499977478111331086e-01 3.272203377808957612e+03
6.899987986595377265e+01 2.202503893132396959e-02 1.200076665467915554e-01 5.998235977336867364e-02 -6.120367866105474706e-10 9.499976080503359510e-01 3.272203377808957612e+03
6.899988545099598980e+01 2.202372496653431239e-02 1.200076567403722538e-01 5.998110075117878831e-02 -1.012639895650288843e-09 9.499975605452846139e-01 3.272203377808957612e+03
6.899987341109030581e+01 2.202393150416640660e-02 1.200067777174480405e-01 5.997962341612756570e-02 -6.461185648477815575e-10 9.499972939895039437e-01 3.272203377808957612e+03
6.899986312238090136e+01 2.202213504427001298e-02 1.200077090837423782e-01 5.998220317641016208e-02 -1.312373389607023958e-09 9.499978406808300413e-01 3.272203377808957612e+03
6.899985400786422929e+01 2.202225536418622037e-02 1.200070089443247001e-01 5.998147643700700582e-02 -6.920338319194216763e-10 9.499970502104757575e-01 3.272203377808957612e+03
6.899983365512188982e+01 2.202546920126705055e-02 1.200069076140811986e-01 5.998060582410916219e-02 -1.220215486909745173e-09 9.499975195871822597e-01 3.272203377808957612e+03
6.899982263463409993e+01 2.202678796215675958e-02 1.200086682601170240e-01 5.997775513005734055e-02 -4.408398003108368325e-10 9.499969921053412758e-01 3.272203377808957612e+03
6.899982135348076895e+01 2.202285130128289747e-02 1.200089841468628127e-01 5.998019609031482458e-02 3.166222511675845448e-10 9.499956616750196980e-01 3.272203377808957612e+03
6.899981413162026911e+01 2.202482943833454151e-02 1.200088211580869063e-01 5.998196009578632415e-02 8.530729533427794834e-10 9.499963950982882599e-01 3.272203377808957612e+03
6.899981831639225049e+01 2.202224091561535285e-02 1.200090208844678402e-01 5.997902503228024623e-02 5.726027617674161959e-10 9.499957667980747367e-01 3.272203377808957612e+03
6.899980039106873164e+01 2.202606472147514496e-02 1.200101911944603944e-01 5.997685094019059027e-02 1.424729931274752945e-11 9.499961092525671669e-01 3.272203377808957612e+03
6.899979060102987205e+01 2.202709868922245878e-02 1.200126861716319937e-01 5.997568789571906117e-02 -2.484672902870557080e-10 9.499965752466054125e-01 3.272203377808957612e+03
6.899978980240581450e+01 2.202877231451487103e-02 1.200122256980520608e-01 5.997712708756510608e-02 -5.376821216281504377e-10 9.499953457285713609e-01 3.272203377808957612e+03
6.899977702343424824e+01 2.203252947067313797e-02 1.200122098786269992e-01 5.997585940309929642e-02 -9.083102355148478135e-10 9.499956849768917966e-01 3.272203377808957612e+03
6.899978581617988027e+01 2.203391522799125549e-02 1.200115976110290167e-01 5.997694474443864693e-02 -1.084559539226943722e-09 9.499947241073636306e-01 3.272203377808957612e+03
6.899980490490165153e+01 2.203409671696325567e-02 1.200112205920643021e-01 5.997767429095703096e-02 -1.405195377537243189e-09 9.499945930492703638e-01 3.272203377808957612e+03
6.899978953356085754e+01 2.203532007039506191e-02 1.200113679179924536e-01 5.997841097096830859e-02 -1.446411558350342427e-09 9.499949116725980858e-01 3.272203377808957612e+03
6.899979475770452098e+01 2.203757923560976592e-02 1.200120860019327634e-01 5.997824173460163805e-02 -1.621725522599748885e-09 9.499946413673662216e-01 3.272203377808957612e+03
6.899980378506157308e+01 2.203753827917977540e-02 1.200107794769149500e-01 5.998230344675938713e-02 -1.445314007841612525e-09 9.499946753191343962e-01 3.272203377808957612e+03
6.899980250319947572e+01 2.203867950848007601e-02 1.200106858471156890e-01 5.998244201366866729e-02 -1.624537021437148991e-09 9.499945865731048711e-01 3.272203377808957612e+03
6.899981288064962826e+01 2.203708538989448962e-02 1.200092867919894668e-01 5.998303717078440345e-02 -1.703361985122814247e-09 9.499941192280572100e-01 3.272203377808957612e+03
6.899980861639666330e+01 2.203835424430673762e-02 1.200099894012435914e-01 5.998001628507654975e-02 -1.681701979747478121e-09 9.499946694682326331e-01 3.272203377808957612e+03
6.899981706793468561e+01 2.203088706093265028e-02 1.200111094002128814e-01 5.997954618216061462e-02 -1.881520992590175051e-09 9.499942349148661203e-01 3.272203377808957612e+03
6.899982165900713937e+01 2.204121917899997882e-02 1.200114529695209681e-01 5.997835736575693466e-02 -2.215535531032013408e-09 9.499944712666709146e-01 3.272203377808957612e+03
6.899980937574265738e+01 2.204235616277473372e-02 1.200119751940154633e-01 5.997745152282634579e-02 -2.008664464134610577e-09 9.499951732872685684e-01 3.272203377808957612e+03
6.899979162388082443e+01 2.204632996360401942e-02 1.200121292905062254e-01 5.997772656128727564e-02 -2.655460712049062767e-09 9.499942622177791618e-01 3.272203377808957612e+03
6.899978342151175070e+01 2.204755062450821507e-02 1.200108375025865509e-01 5.997506817483639480e-02 -2.425041423941624652e-09 9.499945771974775965e-01 3.272203377808957612e+03
6.899977612660310911e+01 2.204940119190807596e-02 1.200095076186458026e-01 5.997655449854222970e-02 -2.570200467886435146e-09 9.499937139619755166e-01 3.272203377808957612e+03
6.899979087975570735e+01 2.205163457108070407e-02 1.200085221069463470e-01 5.997693905777723433e-02 -2.304078764264350591e-09 9.499924481221322381e-01 3.272203377808957612e+03
6.899979272629052218e+01 2.205048206179403142e-02 1.200080548703485323e-01 5.998068041147214258e-02 -2.550147734414334485e-09 9.499929304282734854e-01 3.272203377808957612e+03
6.899980547126905606e+01 2.205346017096376787e-02 1.200083777292183101e-01 5.998043344024139162e-02 -2.140182515834563698e-09 9.499938000529897231e-01 3.272203377808957612e+03
6.899978001783193804e+01 2.205266825879659970e-02 1.200089378357569320e-01 5.998052168525291189e-02 -2.256226127007348329e-09 9.499938948273420891e-01 3.272203377808957612e+03
6.899978295661030359e+01 2.204998502155162965e-02 1.200088348431706392e-01 5.998039387919881782e-02 -1.609543036791388018e-09 9.499937031833841639e-01 3.272203377808957612e+03
6.899976903233874737e+01 2.204709460544991215e-02 1.200083459240801897e-01 5.997970140810934131e-02 -1.723467676904743966e-09 9.499950470929272583e-01 3.272203377808957612e+03
6.899975663922342051e+01 2.204645355195651579e-02 1.200100148633424929e-01 5.997818237219747217e-02 -1.261784920014071745e-09 9.499942307055662116e-01 3.272203377808957612e+03
6.899975502102782343e+01 2.204316745919515999e-02 1.200112834249280058e-01 5.997940967826930619e-02 -2.180730135095155608e-09 9.499940103104071998e-01 3.272203377808957612e+03
6.899976186263471334e+01 2.204268650624628678e-02 1.200107841952029047e-01 5.997909405600501676e-02 -1.981801565493791426e-09 9.499944517704109748e-01 3.272203377808957612e+03
6.899977005001748864e+01 2.204257490708893055e-02 1.200094127007275552e-01 5.998044570170320972e-02 -2.049609738701098548e-09 9.499946874852647216e-01 3.272203377808957612e+03
6.899977597292667042e+01 2.204662723600600213e-02 1.200092345935284271e-01 5.998014424318858645e-02 -1.979150058922204748e-09 9.499941944811821637e-01 3.272203377808957612e+03
6.899975149880170022e+01 2.204547626565855553e-02 1.200098778229324592e-01 5.998145743655410728e-02 -1.688199692821320012e-09 9.499936227428295021e-01 3.272203377808957612e+03
6.899976335118472548e+01 2.204420754942989016e-02 1.200102637594361171e-01 5.998246555769653349e-02 -1.830574400910775251e-09 9.499940886434188325e-01 3.272203377808957612e+03
6.899978758616171604e+01 2.204441281035116398e-02 1.200114128553357445e-01 5.998685377830117321e-02 -1.934927230399539323e-09 9.499943941303131689e-01 3.272203377808957612e+03
6.899979863751417497e+01 2.203872843398824166e-02 1.200108201726722695e-01 5.998515542692865049e-02 -2.137480984978677030e-09 9.499957654726833844e-01 3.272203377808957612e+03
6.899981005970968795e+01 2.204311749793676570e-02 1.200119334697897638e-01 5.998649441957093487e-02 -1.763600534209265787e-09 9.499956482542136760e-01 3.272203377808957612e+03
6.899982302096724140e+01 2.204139491568059273e-02 1.200117073426453101e-01 5.998808538211505142e-02 -1.454069448383606732e-09 9.499960185154107117e-01 3.272203377808957612e+03
6.899981653567894568e+01 2.203976766002106388e-02 1.200102363866684951e-01 5.999116650043271465e-02 -2.161458986716229813e-09 9.499959770840293860e-01 3.272203377808957612e+03
6.899980588417602689e+01 2.204406037923482484e-02 1.200094032472857203e-01 5.999242478529698969e-02 -1.327524752498806179e-09 9.499968348878787827e-01 3.272203377808957612e+03
6.899980602078780123e+01 2.204313218511682465e-02 1.200098559226081135e-01 5.999284767915458866e-02 -1.334702523456874230e-09 9.499969486578463407e-01 3.272203377808957612e+03
6.899979773365370761e+01 2.204357948793705946e-02 1.200105498093177597e-01 5.999360462750841227e-02 -1.518576255574639588e-09 9.499964319297211635e-01 3.272203377808957612e+03
6.899979839546335825e+01 2.204295357242785566e-02 1.200104927472175620e-01 5.999417817706173550e-02 -1.419342350629568515e-09 9.499964557750548710e-01 3.272203377808957612e+03
6.899977700450746454e+01 2.204459328721000699e-02 1.200101050305581313e-01 5.999168132197964937e-02 -1.297968483909070977e-09 9.499963585715407444e-01 3.272203377808957612e+03
6.899975607150805956e+01 2.204244137587428598e-02 1.200109140878980324e-01 5.998980304628862698e-02 -1.506504138637139037e-09 9.499955288771824158e-01 3.272203377808957612e+03
6.899974849409183264e+01 2.204053637863186491e-02 1.200112802259662576e-01 5.998781784063567102e-02 -1.366363537636222704e-09 9.499961223208047700e-01 3.272203377808957612e+03
6.899976714065807926e+01 2.204327669323458139e-02 1.200112181742264694e-01 5.998547383346248402e-02 -1.295782719454298988e-09 9.499957600100041866e-01 3.272203377808957612e+03
6.899976697144762738e+01 2.204160271366641805e-02 1.200100343030036792e-01 5.998333965612746843e-02 -1.372031671825689832e-09 9.499956733985956969e-01 3.272203377808957612e+03
6.899977549892474826e+01 2.203795820119816562e-02 1.200094309911252932e-01 5.998579486888691581e-02 -1.206227082650023536e-09 9.499960534293317993e-01 3.272203377808957612e+03
6.899979144256091956e+01 2.203927048037912159e-02 1.200098586092262914e-01 5.998801457108834945e-02 -1.645192273293176379e-09 9.499967295379398990e-01 3.272203377808957612e+03
6.899977101041538674e+01 2.203927396883218967e-02 1.200097712309796533e-01 5.998692731260590882e-02 -2.005384564006764455e-09 9.499968829893858935e-01 3.272203377808957612e+03
6.899974970838107424e+01 2.204155367184728112e-02 1.200106551137373745e-01 5.998367937285536966e-02 -1.742086567650675902e-09 9.499971818923437228e-01 3.272203377808957612e+03
6.899976233371954493e+01 2.203955251078463032e-02 1.200101932910175029e-01 5.998498809023829897e-02 -1.663343362948661113e-09 9.499975009006692561e-01 3.272203377808957612e+03
6.899976143767575820e+01 2.204223529917072322e-02 1.200087883854429049e-01 5.998392207717796049e-02 -2.704894207096060131e-09 9.499975457803647716e-01 3.272203377808957612e+03
6.899976129259692925e+01 2.204013550730999499e-02 1.200086421329718406e-01 5.998228542609047170e-02 -2.371581530325661612e-09 9.499971883445367249e-01 3.272203377808957612e+03
6.899977978465145156e+01 2.204251565501870458e-02 1.200088713218084857e-01 5.998106575731792373e-02 -2.619801845515354449e-09 9.499971058950761327e-01 3.272203377808957612e+03
6.899978906666079581e+01 2.204106735940830619e-02 1.200089981253841809e-01 5.997981924020444333e-02 -2.460593443981180687e-09 9.499963751296691683e-01 3.272203377808957612e+03
6.899977870660157464e+01 2.203569535766753199e-02 1.200095853470190960e-01 5.998187628695603180e-02 -2.728157876134059203e-09 9.499958727554437266e-01 3.272203377808957612e+03
6.899976979951262024e+01 2.203879761977598634e-02 1.200098403757561272e-01 5.998350815325841079e-02 -3.026679650982051599e-09 9.499963513761132683e-01 3.272203377808957612e+03
6.899977897157930329e+01 2.203848336730239790e-02 1.200088845303231150e-01 5.998317625556074534e-02 -2.819540779541243281e-09 9.499965198930327981e-01 3.272203377808957612e+03
6.899977996447471185e+01 2.203315633980179253e-02 1.200075678331894991e-01 5.998551872309869359e-02 -3.133407383899185634e-09 9.499956432158160879e-01 3.272203377808957612e+03
6.899976247244309491e+01 2.203410805652524646e-02 1.200068414671476291e-01 5.998513735366792915e-02 -2.743266016640685769e-09 9.499961931373315238e-01 3.272203377808957612e+03
6.899975721203942669e+01 2.203090486652701727e-02 1.200065898813836296e-01 5.998693514582863207e-02 -2.322692557378668980e-09 9.499956852349976666e-01 3.272203377808957612e+03
6.899976013758099214e+01 2.202660797445592580e-02 1.200071606728101009e-01 5.998572566615609919e-02 -1.805276975455221130e-09 9.499959716543492361e-01 3.272203377808957612e+03
6.899975013929808654e+01 2.202560833704629920e-02 1.200080041483131132e-01 5.998650211318037884e-02 -9.778032246581893963e-10 9.499951191289944807e-01 3.272203377808957612e+03
6.899975980982260637e+01 2.202719949314033143e-02 1.200093985448989625e-01 5.998603694374880779e-02 -8.018977203272640511e-10 9.499948597358264246e-01 3.272203377808957612e+03
6.899973900153767659e+01 2.202775246258327491e-02 1.200103051030207146e-01 5.998690820244978461e-02 -6.340955567098878557e-10 9.499954799210663658e-01 3.272203377808957612e+03
6.899975234534279878e+01 2.203185652567799663e-02 1.200106755168189460e-01 5.998471562730717938e-02 -7.981363624038112766e-10 9.499960142170544852e-01 3.272203377808957612e+03
6.899973399398409413e+01 2.203413316518059578e-02 1.200102297749644081e-01 5.998688008157595369e-02 -6.015548527669593202e-10 9.499962265135110107e-01 3.272203377808957612e+03
6.899973342344129890e+01 2.203231835078448345e-02 1.200110000529174686e-01 5.998860877903437056e-02 -4.844730619828748332e-10 9.499945515856130784e-01 3.272203377808957612e+03
6.899973244080187840e+01 2.203513585200884972e-02 1.200125228483550216e-01 5.998531858662828342e-02 -3.863574000368720887e-10 9.499948884529400006e-01 3.272203377808957612e+03
6.899974140657711530e+01 2.203684574329137225e-02 1.200118923567801005e-01 5.998215936975093837e-02 -9.725551344367716249e-10 9.499953400708507356e-01 3.272203377808957612e+03
6.899974513440839985e+01 2.204080060537316407e-02 1.200113592840915677e-01 5.998092464425527209e-02 -6.675844530215154736e-10 9.499954226667104429e-01 3.272203377808957612e+03
6.899972011405149885e+01 2.204299133672235622e-02 1.200114595768287939e-01 5.997907275349839001e-02 -5.669831239669308282e-10 9.499957782798336137e-01 3.272203377808957612e+03
6.899970943219939556e+01 2.204059375682316385e-02 1.200104947421411355e-01 5.997914883098186961e-02 -9.998788474124736922e-10 9.499965261889883328e-01 3.272203377808957612e+03
6.899970461029978708e+01 2.203715044747151658e-02 1.200104613346661686e-01 5.997655221278918453e-02 -7.922780871436198710e-10 9.499963154441353197e-01 3.272203377808957612e+03
6.899969461089270339e+01 2.204087414157068422e-02 1.200094366975364563e-01 5.997801149743191979e-02 -2.609197552196281459e-10 9.499964970213825577e-01 3.272203377808957612e+03
6.899971586198834927e+01 2.204509394436768993e-02 1.200101292794632651e-01 5.997799873168186552e-02 2.580616594081158633e-10 9.499974584906860642e-01 3.272203377808957612e+03
6.899968596648469088e+01 2.204607103503971113e-02 1.200105761303284918e-01 5.997817433325250414e-02 9.613116655720567453e-10 9.499976808605191669e-01 3.272203377808957612e+03
6.899963409253402347e+01 2.204453488432734157e-02 1.200105179636480057e-01 5.997717321983309785e-02 1.249313169440696409e-09 9.499981178651550895e-01 3.272203377808957612e+03
6.899963952484701224e+01 2.204412566952150890e-02 1.200092698307203137e-01 5.997483882310657155e-02 1.548371195412921064e-09 9.499983413695398671e-01 3.272203377808957612e+03
6.899961898503228497e+01 2.204129779458496169e-02 1.200076964958459586e-01 5.997341200438112419e-02 2.091114586004463495e-09 9.499986412548675485e-01 3.272203377808957612e+03
6.899961913370303535e+01 2.204586020101335572e-02 1.200075411892771032e-01 5.997452503449442890e-02 1.880286289471437114e-09 9.499985140367082082e-01 3.272203377808957612e+03
6.899961865481881773e+01 2.204162013144309734e-02 1.200066980638611613e-01 5.997346095265800037e-02 8.652947530138984070e-10 9.499988271279862229e-01 3.272203377808957612e+03
6.899960389756451207e+01 2.203869500020923938e-02 1.200072481702435523e-01 5.997554322653496361e-02 3.630914270912177167e-10 9.499978883717334899e-01 3.272203377808957612e+03
6.899959241035683988e+01 2.203640093217270474e-02 1.200059557666565135e-01 5.997597691183366442e-02 1.635421493325613782e-10 9.499978171566990648e-01 3.272203377808957612e+03
6.899959700716104294e+01 2.204071548199856498e-02 1.200047207360768059e-01 5.997636338373639464e-02 -1.597680348270497860e-10 9.499978258511343476e-01 3.272203377808957612e+03
6.899960105068838345e+01 2.203968244322094053e-02 1.200045591506802289e-01 5.997505689571312054e-02 2.888019978796345745e-10 9.499980023356778824e-01 3.272203377808957612e+03
6.899960340869684217e+01 2.203747427179197221e-02 1.200039575160861405e-01 5.997665147370725980e-02 3.063991010146044564e-10 9.499982321908868599e-01 3.272203377808957612e+03
6.899960287325542652e+01 2.203615998659480199e-02 1.200023854695941444e-01 5.997932210830259070e-02 3.716237824810415901e-10 9.499988671877931390e-01 3.272203377808957612e+03
6.899961121681991472e+01 2.203775454375865930e-02 1.200032534767888209e-01 5.997864074429404974e-02 2.915510472417007606e-10 9.499986881683298856e-01 3.272203377808957612e+03
6.899961259233189992e+01 2.204000659526220846e-02 1.200038403014036525e-01 5.997973555983153460e-02 2.067993043608990416e-10 9.499993276120821672e-01 3.272203377808957612e+03
6.899959863560293627e+01 2.203940648703414662e-02 1.200038488541149695e-01 5.997719353016086469e-02 1.037382644584134621e-09 9.499986347710092094e-01 3.272203377808957612e+03
6.899959451854273595e+01 2.204230380027489070e-02 1.200023566162618932e-01 5.997849658223374653e-02 4.656694329144830521e-10 9.499983635037768659e-01 3.272203377808957612e+03
6.899961016727338858e+01 2.204363603653875653e-02 1.200033380578735820e-01 5.998056397746522744e-02 4.164224664653164531e-10 9.499984387553391807e-01 3.272203377808957612e+03
6.899961071039591332e+01 2.204445916699286981e-02 1.200041550896160103e-01 5.998080214582147268e-02 1.634172155410024783e-10 9.499980901235660635e-01 3.272203377808957612e+03
6.899959054186611240e+01 2.204287335000379780e-02 1.200043372002688874e-01 5.998189089372894800e-02 -7.869294947511069528e-10 9.499986241968867429e-01 3.272203377808957612e+03
6.899956424665428756e+01 2.204332022903818591e-02 1.200031171041243128e-01 5.998449120246221455e-02 -7.317912376411809065e-10 9.499994366321152794e-01 3.272203377808957612e+03
6.899957168488808179e+01 2.204399577016629905e-02 1.200035133958348293e-01 5.998269405842615587e-02 -9.134885883015797662e-10 9.499999970784023251e-01 3.272203377808957612e+03
6.899955909914928043e+01 2.204680582733211866e-02 1.200028951366445829e-01 5.998255497959800037e-02 -1.143618224578856790e-09 9.500006335128899915e-01 3.272203377808957612e+03
6.899955601317059006e+01 2.204486485413364311e-02 1.200034819214603060e-01 5.998626229765698786e-02 -1.734208618529414738e-09 9.499992008045972103e-01 3.272203377808957612e+03
6.899956156570048904e+01 2.204181306124875991e-02 1.200052442585208962e-01 5.998371752875351903e-02 -1.981592924359945510e-09 9.499988537316195192e-01 3.272203377808957612e+03
6.899958882920871872e+01 2.204128628663239858e-02 1.200047552218512503e-01 5.998403138571737486e-02 -1.760446229167305002e-09 9.499986230784744912e-01 3.272203377808957612e+03
6.899957538397040935e+01 2.204249718084378210e-02 1.200051397170686374e-01 5.998395204678162035e-02 -2.391333058840111873e-09 9.499989347798769579e-01 3.272203377808957612e+03
