6.927437405559668093e+01 2.268951620648334069e-02 1.157842130221652943e-01 1.018776197480428108e-01 2.281330467595682757e-09 9.791613740328558579e-01 2.579074555952533046e+03
6.948303040467246205e+01 2.264923547610296975e-02 1.154068265407736660e-01 9.323888801992240294e-02 2.244124153832001022e-09 9.794204678708777756e-01 2.578827922228584612e+03
6.948303040467246205e+01 2.264923547610296975e-02 1.154068265407736660e-01 9.323888801992240294e-02 2.244124153832001022e-09 9.794204678708777756e-01 2.578827922228584612e+03
6.944263875401456687e+01 2.267456477315975272e-02 1.152567649171906544e-01 9.173546189068548795e-02 2.238114578170060147e-09 9.792245974424368393e-01 2.580991748576914233e+03
6.937374453949634301e+01 2.269417080823711921e-02 1.154833468631473042e-01 8.583075462766152908e-02 2.216195984523218948e-09 9.778921672876071947e-01 2.583651954336392919e+03
6.937374453949634301e+01 2.269417080823711921e-02 1.154833468631473042e-01 8.583075462766152908e-02 2.216195984523218948e-09 9.778921672876071947e-01 2.583651954336392919e+03
6.941876149073000590e+01 2.271840315355841758e-02 1.153779363226146298e-01 8.588888587661490381e-02 2.216214373557985851e-09 9.781922686426893776e-01 2.585029632413983563e+03
6.941876149073000590e+01 2.271840315355841758e-02 1.153779363226146298e-01 8.588888587661490381e-02 2.216214373557985851e-09 9.781922686426893776e-01 2.585029632413983563e+03
6.941647571464682187e+01 2.268502511508686467e-02 1.152204427836877737e-01 7.525628818299215372e-02 2.168920924860812673e-09 9.781675128513133144e-01 2.585594933550877158e+03
6.930309331092125547e+01 2.269060091904668772e-02 1.153513835618304728e-01 9.118291140957847374e-02 2.237454007999090050e-09 9.765805836124555883e-01 2.582002099932130477e+03
6.891004686313222294e+01 2.270982306981625745e-02 1.162638874852011117e-01 9.428350885470754283e-02 2.253653692241903546e-09 9.747243036502232227e-01 2.581752415932524855e+03
6.900259920742669806e+01 2.267982712036218859e-02 1.160340210449307824e-01 9.596768700595539880e-02 2.257250705305467847e-09 9.756562207016362676e-01 2.579957099904469032e+03
6.884653563692624800e+01 2.272209781456658098e-02 1.167518788108296013e-01 9.467048348669747371e-02 2.256567423398010682e-09 9.748622978300419684e-01 2.579982279780144381e+03
6.876562788375009916e+01 2.273616166555636822e-02 1.172141819950980046e-01 9.358368533903330122e-02 2.252456374694666520e-09 9.743238291146474328e-01 2.580089367825670706e+03
6.876562788375009916e+01 2.273616166555636822e-02 1.172141819950980046e-01 9.358368533903330122e-02 2.252456374694666520e-09 9.743238291146474328e-01 2.580089367825670706e+03
6.884413772147564714e+01 2.277232977591996804e-02 1.171054109624370260e-01 1.038880884876718369e-01 2.297217112336172086e-09 9.761218737451884397e-01 2.581455718962392893e+03
6.879907255475966110e+01 2.278084160540417430e-02 1.172784173896402465e-01 9.707426950079986461e-02 2.271756210278375530e-09 9.752447986043667472e-01 2.581951805542106740e+03
6.879907255475966110e+01 2.278084160540417430e-02 1.172784173896402465e-01 9.707426950079986461e-02 2.271756210278375530e-09 9.752447986043667472e-01 2.581951805542106740e+03
6.879907255475966110e+01 2.278084160540417430e-02 1.172784173896402465e-01 9.707426950079986461e-02 2.271756210278375530e-09 9.752447986043667472e-01 2.581951805542106740e+03
6.852412829311298026e+01 2.281166710084115562e-02 1.181957830575000729e-01 9.386477972659654223e-02 2.264000453954919437e-09 9.721844468431628528e-01 2.583240756950412106e+03
6.852412829311298026e+01 2.281166710084115562e-02 1.181957830575000729e-01 9.386477972659654223e-02 2.264000453954919437e-09 9.721844468431628528e-01 2.583240756950412106e+03
6.823295227945980912e+01 2.279348481462513745e-02 1.189393452162403331e-01 8.430928092427322773e-02 2.225152378461906214e-09 9.688542504669915845e-01 2.583399956075374575e+03
6.845424867955730974e+01 2.277258981736084500e-02 1.184814026114834329e-01 8.045252719887266424e-02 2.206369855116153919e-09 9.688546259910488789e-01 2.582967794760776087e+03
6.837810407168279880e+01 2.278138442729257807e-02 1.188171615480332344e-01 6.006068106004112256e-02 2.121205377110417467e-09 9.694357149937702367e-01 2.584439635341900612e+03
6.821615038191008296e+01 2.280126932215061422e-02 1.193642684543564647e-01 5.806361090913346457e-02 2.115376861219417108e-09 9.688390179779625688e-01 2.586136089417632775e+03
6.800495427558914230e+01 2.282274808907965372e-02 1.198145422013200678e-01 6.037825927248741814e-02 2.127329291538565323e-09 9.677686813728683113e-01 2.586983344241405575e+03
6.800495427558914230e+01 2.282274808907965372e-02 1.198145422013200678e-01 6.037825927248741814e-02 2.127329291538565323e-09 9.677686813728683113e-01 2.586983344241405575e+03
6.800495427558914230e+01 2.282274808907965372e-02 1.198145422013200678e-01 6.037825927248741814e-02 2.127329291538565323e-09 9.677686813728683113e-01 2.586983344241405575e+03
6.807261463046049244e+01 2.280196218300974825e-02 1.197145121339718010e-01 5.339357442860467873e-02 2.099222078052523061e-09 9.670454842330418188e-01 2.587465656070952718e+03
6.800230727074644221e+01 2.279609723045777567e-02 1.199580986718850051e-01 5.439282507155134005e-02 2.102366592632896408e-09 9.671388717413693659e-01 2.587441807555525884e+03
6.798919260754126981e+01 2.276063218167422020e-02 1.199585259596958886e-01 3.689234241573113859e-02 2.028313639681289875e-09 9.661585124143188263e-01 2.590173572562359368e+03
6.811378324984096366e+01 2.275515571023335390e-02 1.197359649941865251e-01 4.364168988186591797e-02 2.056468777483992831e-09 9.668739237156686039e-01 2.588699155393850560e+03
6.811378324984096366e+01 2.275515571023335390e-02 1.197359649941865251e-01 4.364168988186591797e-02 2.056468777483992831e-09 9.668739237156686039e-01 2.588699155393850560e+03
6.813429151055535726e+01 2.277216686815911398e-02 1.196754825114397791e-01 2.599774157582120798e-02 1.983390641815800070e-09 9.684941360088725748e-01 2.590548638404731719e+03
6.813429151055535726e+01 2.277216686815911398e-02 1.196754825114397791e-01 2.599774157582120798e-02 1.983390641815800070e-09 9.684941360088725748e-01 2.590548638404731719e+03
6.813429151055535726e+01 2.277216686815911398e-02 1.196754825114397791e-01 2.599774157582120798e-02 1.983390641815800070e-09 9.684941360088725748e-01 2.590548638404731719e+03
6.876673986703733021e+01 2.279083793039364536e-02 1.180717733575603196e-01 4.099812032113830940e-02 2.039322667407709895e-09 9.748212088980603429e-01 2.590836022824957581e+03
6.876673986703733021e+01 2.279083793039364536e-02 1.180717733575603196e-01 4.099812032113830940e-02 2.039322667407709895e-09 9.748212088980603429e-01 2.590836022824957581e+03
6.876673986703733021e+01 2.279083793039364536e-02 1.180717733575603196e-01 4.099812032113830940e-02 2.039322667407709895e-09 9.748212088980603429e-01 2.590836022824957581e+03
6.835077499890316233e+01 2.279517396531351853e-02 1.191502293201292528e-01 1.882981379296894825e-02 1.951884483506156179e-09 9.710604519951883118e-01 2.591564130412812119e+03
6.835077499890316233e+01 2.279517396531351853e-02 1.191502293201292528e-01 1.882981379296894825e-02 1.951884483506156179e-09 9.710604519951883118e-01 2.591564130412812119e+03
6.813353401174560986e+01 2.281219155712432486e-02 1.195447874754149709e-01 3.517591555592658459e-02 2.023574812319358185e-09 9.701787604796681119e-01 2.591893079601243244e+03
6.792252202405856565e+01 2.278307700672006081e-02 1.198210115884851129e-01 3.293654441300122859e-02 2.015703941830451592e-09 9.676598618743739166e-01 2.589501007166420095e+03
6.830528350382438418e+01 2.281055309910894058e-02 1.188768404424183495e-01 5.523173047289008097e-02 2.106411461810159720e-09 9.707839880896540485e-01 2.594092444745225293e+03
6.834466425939206147e+01 2.279975446540343648e-02 1.188208694657038877e-01 6.068460789912527575e-02 2.129375101212106248e-09 9.701462880016753498e-01 2.591612805929070419e+03
6.848567575219780679e+01 2.278148856916000983e-02 1.181344131093177846e-01 7.204551896334512873e-02 2.171267848133410520e-09 9.721914445334443045e-01 2.587167649430822166e+03
6.848567575219780679e+01 2.278148856916000983e-02 1.181344131093177846e-01 7.204551896334512873e-02 2.171267848133410520e-09 9.721914445334443045e-01 2.587167649430822166e+03
6.850803870409333740e+01 2.281866350074330391e-02 1.182037560076562854e-01 8.939224606461666778e-02 2.246735936149421461e-09 9.721120758730044109e-01 2.585867239213825542e+03
6.878582679306764192e+01 2.286271104836770651e-02 1.175764364559578334e-01 1.196295710673639656e-01 2.372560130457381128e-09 9.759496462726612309e-01 2.585600056955579930e+03
6.855709341554529601e+01 2.287378808010805467e-02 1.180629629680925441e-01 1.075971629568918814e-01 2.322110133322493682e-09 9.758255003395714944e-01 2.588258247051145190e+03
6.862847072426546902e+01 2.284519872683413166e-02 1.179106793593825281e-01 1.106160922528888618e-01 2.332115032388433556e-09 9.754414356247590456e-01 2.585303349523724137e+03
6.862847072426546902e+01 2.284519872683413166e-02 1.179106793593825281e-01 1.106160922528888618e-01 2.332115032388433556e-09 9.754414356247590456e-01 2.585303349523724137e+03
6.862847072426546902e+01 2.284519872683413166e-02 1.179106793593825281e-01 1.106160922528888618e-01 2.332115032388433556e-09 9.754414356247590456e-01 2.585303349523724137e+03
6.862847072426546902e+01 2.284519872683413166e-02 1.179106793593825281e-01 1.106160922528888618e-01 2.332115032388433556e-09 9.754414356247590456e-01 2.585303349523724137e+03
6.862847072426546902e+01 2.284519872683413166e-02 1.179106793593825281e-01 1.106160922528888618e-01 2.332115032388433556e-09 9.754414356247590456e-01 2.585303349523724137e+03
6.847693541759376501e+01 2.285201232135550958e-02 1.184803108335227145e-01 9.625856158671725060e-02 2.274253408326542660e-09 9.739723623399711983e-01 2.586034021853180093e+03
6.847693541759376501e+01 2.285201232135550958e-02 1.184803108335227145e-01 9.625856158671725060e-02 2.274253408326542660e-09 9.739723623399711983e-01 2.586034021853180093e+03
6.851488589957264708e+01 2.285633536922529116e-02 1.185038890902896935e-01 9.201525329789327079e-02 2.255396674909134688e-09 9.738044530368370477e-01 2.585773260506364750e+03
6.853076037232456486e+01 2.281974601391891996e-02 1.185033345189563242e-01 8.530007578659377920e-02 2.227982178696332527e-09 9.727705487157254360e-01 2.584901906762701401e+03
6.853076037232456486e+01 2.281974601391891996e-02 1.185033345189563242e-01 8.530007578659377920e-02 2.227982178696332527e-09 9.727705487157254360e-01 2.584901906762701401e+03
6.853076037232456486e+01 2.281974601391891996e-02 1.185033345189563242e-01 8.530007578659377920e-02 2.227982178696332527e-09 9.727705487157254360e-01 2.584901906762701401e+03
6.853076037232456486e+01 2.281974601391891996e-02 1.185033345189563242e-01 8.530007578659377920e-02 2.227982178696332527e-09 9.727705487157254360e-01 2.584901906762701401e+03
6.853076037232456486e+01 2.281974601391891996e-02 1.185033345189563242e-01 8.530007578659377920e-02 2.227982178696332527e-09 9.727705487157254360e-01 2.584901906762701401e+03
6.867347158252042050e+01 2.282642315246844952e-02 1.180666979607609274e-01 9.041218911844983719e-02 2.246615317611782416e-09 9.751917269174138481e-01 2.585228588232660968e+03
6.854058904822771581e+01 2.285111673168385704e-02 1.184820423545983881e-01 9.366023326596570331e-02 2.262261805126121137e-09 9.747504051098448974e-01 2.586477699716767347e+03
6.848409999557134142e+01 2.282332838912980513e-02 1.186369616086352524e-01 8.406670998964425878e-02 2.221372051262308204e-09 9.751150861524935376e-01 2.587957914757475464e+03
6.848409999557134142e+01 2.282332838912980513e-02 1.186369616086352524e-01 8.406670998964425878e-02 2.221372051262308204e-09 9.751150861524935376e-01 2.587957914757475464e+03
6.841004116792834111e+01 2.277566642901298136e-02 1.185992157471897346e-01 6.706435664629710469e-02 2.148064935118893860e-09 9.736443673478270000e-01 2.585728847567125740e+03
6.860869818136866627e+01 2.278378312831401409e-02 1.180238942352860032e-01 7.699780584892321200e-02 2.186055653586630378e-09 9.764871050462319291e-01 2.586376098980256756e+03
6.825024850370336083e+01 2.277900868880715357e-02 1.190595216858544858e-01 7.207349793166883956e-02 2.171932360795504282e-09 9.718098438036414377e-01 2.584822454017181826e+03
6.825024850370336083e+01 2.277900868880715357e-02 1.190595216858544858e-01 7.207349793166883956e-02 2.171932360795504282e-09 9.718098438036414377e-01 2.584822454017181826e+03
6.825024850370336083e+01 2.277900868880715357e-02 1.190595216858544858e-01 7.207349793166883956e-02 2.171932360795504282e-09 9.718098438036414377e-01 2.584822454017181826e+03
6.851027131801934900e+01 2.277497418195845169e-02 1.183975324316805938e-01 7.310906329891064814e-02 2.172766338367283161e-09 9.746044551942273371e-01 2.585618337515849362e+03
6.859016011872368779e+01 2.274317471190014442e-02 1.180503840983594954e-01 6.833553502331439489e-02 2.151730415828030397e-09 9.735270555222030886e-01 2.583303926973288071e+03
6.878853645015628615e+01 2.271215550877426353e-02 1.176142088999123092e-01 7.124095341600866771e-02 2.160798258950703120e-09 9.749224722155132028e-01 2.581934741769566244e+03
6.875745428537173609e+01 2.271248967023652490e-02 1.177492556532860335e-01 6.406318517349504638e-02 2.131998906504999768e-09 9.734316762189949568e-01 2.582271417587271571e+03
6.875745428537173609e+01 2.271248967023652490e-02 1.177492556532860335e-01 6.406318517349504638e-02 2.131998906504999768e-09 9.734316762189949568e-01 2.582271417587271571e+03
6.875745428537173609e+01 2.271248967023652490e-02 1.177492556532860335e-01 6.406318517349504638e-02 2.131998906504999768e-09 9.734316762189949568e-01 2.582271417587271571e+03
6.875745428537173609e+01 2.271248967023652490e-02 1.177492556532860335e-01 6.406318517349504638e-02 2.131998906504999768e-09 9.734316762189949568e-01 2.582271417587271571e+03
6.866853799336746533e+01 2.269571816240447543e-02 1.181560050382684246e-01 6.188082157891901941e-02 2.122815007690371748e-09 9.728861179171914841e-01 2.583305447808731969e+03
6.866853799336746533e+01 2.269571816240447543e-02 1.181560050382684246e-01 6.188082157891901941e-02 2.122815007690371748e-09 9.728861179171914841e-01 2.583305447808731969e+03
6.855633969960079810e+01 2.273726272069727730e-02 1.184886692774572425e-01 5.306380323752850348e-02 2.088662467020696587e-09 9.713870431175576359e-01 2.584674083174377301e+03
6.876293851321008788e+01 2.272910937928866032e-02 1.177225774933060021e-01 6.717967683588890737e-02 2.143234046351182137e-09 9.734415610016785569e-01 2.581587254819077316e+03
6.906908907587879298e+01 2.273326914347382002e-02 1.167953213997585948e-01 6.939788337214936043e-02 2.146557081517093393e-09 9.762388305324958271e-01 2.580829013700019914e+03
6.916782012609625951e+01 2.275490940230728842e-02 1.165017302063064281e-01 7.702616970619952097e-02 2.178470417124828588e-09 9.784103727778380444e-01 2.582474233456437105e+03
6.900159115857594827e+01 2.276242699794090579e-02 1.168190641698841209e-01 7.587808808150645068e-02 2.175739139664009234e-09 9.773237350474922591e-01 2.583091284568772153e+03
6.893239536400206191e+01 2.281005682024620992e-02 1.168887826539524166e-01 8.891593495488754606e-02 2.233151983260056537e-09 9.777844174745388139e-01 2.586121592021354900e+03
6.901103836326487340e+01 2.278922124530596838e-02 1.165415142769607171e-01 8.454495913622592229e-02 2.213533786813434378e-09 9.778067335726557952e-01 2.586962036966720916e+03
6.935109695973629584e+01 2.279598205523346646e-02 1.156558514960668999e-01 9.058000386588542507e-02 2.232588446397713180e-09 9.810595820120119326e-01 2.586487473944036537e+03
6.962541013897926234e+01 2.276152492574066988e-02 1.149128633776220765e-01 9.299977947022394775e-02 2.234461056358872872e-09 9.845759174312493922e-01 2.585949379341406711e+03
6.979162482082257668e+01 2.275507986733811203e-02 1.144518249531080029e-01 9.264268014184171007e-02 2.231222183213016274e-09 9.851526961069593247e-01 2.585795197742842902e+03
6.977841083854153226e+01 2.272785149837297167e-02 1.145024030192806491e-01 9.585401496847802127e-02 2.247144493823933654e-09 9.823305161394934037e-01 2.580695387344913797e+03
6.977841083854153226e+01 2.272785149837297167e-02 1.145024030192806491e-01 9.585401496847802127e-02 2.247144493823933654e-09 9.823305161394934037e-01 2.580695387344913797e+03
6.975138247600551722e+01 2.274847619387798670e-02 1.145873539349508419e-01 8.988879547275534232e-02 2.220839245547537526e-09 9.833461272706794931e-01 2.583002390764128904e+03
6.975138247600551722e+01 2.274847619387798670e-02 1.145873539349508419e-01 8.988879547275534232e-02 2.220839245547537526e-09 9.833461272706794931e-01 2.583002390764128904e+03
6.988486560700631856e+01 2.273769883255190652e-02 1.142303662128913155e-01 9.564101031071971237e-02 2.244356055443371493e-09 9.839279869696500036e-01 2.582326587130204643e+03
6.971649409706981260e+01 2.276422723985515456e-02 1.144636090644330501e-01 1.082981544548944075e-01 2.296853242875150296e-09 9.836269200105199895e-01 2.584846659157775321e+03
6.971649409706981260e+01 2.276422723985515456e-02 1.144636090644330501e-01 1.082981544548944075e-01 2.296853242875150296e-09 9.836269200105199895e-01 2.584846659157775321e+03
6.971649409706981260e+01 2.276422723985515456e-02 1.144636090644330501e-01 1.082981544548944075e-01 2.296853242875150296e-09 9.836269200105199895e-01 2.584846659157775321e+03
6.950555659621181803e+01 2.277837197634801150e-02 1.150784835755646190e-01 9.486957167940363034e-02 2.242640468185480734e-09 9.823864178718160201e-01 2.584223859700886806e+03
6.950555659621181803e+01 2.277837197634801150e-02 1.150784835755646190e-01 9.486957167940363034e-02 2.242640468185480734e-09 9.823864178718160201e-01 2.584223859700886806e+03
6.950555659621181803e+01 2.277837197634801150e-02 1.150784835755646190e-01 9.486957167940363034e-02 2.242640468185480734e-09 9.823864178718160201e-01 2.584223859700886806e+03
6.950555659621181803e+01 2.277837197634801150e-02 1.150784835755646190e-01 9.486957167940363034e-02 2.242640468185480734e-09 9.823864178718160201e-01 2.584223859700886806e+03
6.958072427991100994e+01 2.275650922962733913e-02 1.149050030979219816e-01 8.250698557757081553e-02 2.190048041937701042e-09 9.823787151369021142e-01 2.584108442677773382e+03
6.981984938044401190e+01 2.278273854894872705e-02 1.145589083585641932e-01 9.417288905530038501e-02 2.238821623959300114e-09 9.855314727708157641e-01 2.586606305850054014e+03
6.977815720361680007e+01 2.276883242382277822e-02 1.143560821138486921e-01 9.053142677166413355e-02 2.218772777166962814e-09 9.858699184997770093e-01 2.587803021810285827e+03
6.980854240476016059e+01 2.275488375771783645e-02 1.143714486052851975e-01 9.756386201780029022e-02 2.248089795991027572e-09 9.853311055324144307e-01 2.585245228180438062e+03
6.976813543100611525e+01 2.274805353197463867e-02 1.144369042676760123e-01 8.808968691378829541e-02 2.209174862793816448e-09 9.851156689631190844e-01 2.585598139238494696e+03
6.976813543100611525e+01 2.274805353197463867e-02 1.144369042676760123e-01 8.808968691378829541e-02 2.209174862793816448e-09 9.851156689631190844e-01 2.585598139238494696e+03
6.971390175348608409e+01 2.273337729075646657e-02 1.145093989716811922e-01 7.911440931343635685e-02 2.171406144569597809e-09 9.841094233361612487e-01 2.585060195651142294e+03
6.969673131082836903e+01 2.276125230091692250e-02 1.144739595468925591e-01 9.293530831833396455e-02 2.230033853256268847e-09 9.848806852954344881e-01 2.586711248550985147e+03
6.969673131082836903e+01 2.276125230091692250e-02 1.144739595468925591e-01 9.293530831833396455e-02 2.230033853256268847e-09 9.848806852954344881e-01 2.586711248550985147e+03
6.969673131082836903e+01 2.276125230091692250e-02 1.144739595468925591e-01 9.293530831833396455e-02 2.230033853256268847e-09 9.848806852954344881e-01 2.586711248550985147e+03
6.969673131082836903e+01 2.276125230091692250e-02 1.144739595468925591e-01 9.293530831833396455e-02 2.230033853256268847e-09 9.848806852954344881e-01 2.586711248550985147e+03
6.958968448668898077e+01 2.275107308805147596e-02 1.145940304680534844e-01 9.214450134733723208e-02 2.226862332162950060e-09 9.829565133524070797e-01 2.585311913349908536e+03
6.958968448668898077e+01 2.275107308805147596e-02 1.145940304680534844e-01 9.214450134733723208e-02 2.226862332162950060e-09 9.829565133524070797e-01 2.585311913349908536e+03
6.944672404061705606e+01 2.278315170796403263e-02 1.149492233748013043e-01 1.007479338316462081e-01 2.266668165056694530e-09 9.826350554404285065e-01 2.587078209885707111e+03
6.944672404061705606e+01 2.278315170796403263e-02 1.149492233748013043e-01 1.007479338316462081e-01 2.266668165056694530e-09 9.826350554404285065e-01 2.587078209885707111e+03
6.938237457712544654e+01 2.276231548984818109e-02 1.152471053443705068e-01 8.980044674191188514e-02 2.224052866839381914e-09 9.794757072068089876e-01 2.582500600406019203e+03
6.968715969340600225e+01 2.275840299161870778e-02 1.145085781444265954e-01 9.396680268131923919e-02 2.238367942773602272e-09 9.823479511492231309e-01 2.583430550124590354e+03
6.968715969340600225e+01 2.275840299161870778e-02 1.145085781444265954e-01 9.396680268131923919e-02 2.238367942773602272e-09 9.823479511492231309e-01 2.583430550124590354e+03
6.968715969340600225e+01 2.275840299161870778e-02 1.145085781444265954e-01 9.396680268131923919e-02 2.238367942773602272e-09 9.823479511492231309e-01 2.583430550124590354e+03
6.953702739258183385e+01 2.275690296815266120e-02 1.149590705944563418e-01 9.186604216952339030e-02 2.231394444615016427e-09 9.810333745128720917e-01 2.582217700745709408e+03
6.953702739258183385e+01 2.275690296815266120e-02 1.149590705944563418e-01 9.186604216952339030e-02 2.231394444615016427e-09 9.810333745128720917e-01 2.582217700745709408e+03
6.953702739258183385e+01 2.275690296815266120e-02 1.149590705944563418e-01 9.186604216952339030e-02 2.231394444615016427e-09 9.810333745128720917e-01 2.582217700745709408e+03
6.953702739258183385e+01 2.275690296815266120e-02 1.149590705944563418e-01 9.186604216952339030e-02 2.231394444615016427e-09 9.810333745128720917e-01 2.582217700745709408e+03
6.952993178069397118e+01 2.278884388620932427e-02 1.149416017515452054e-01 9.164249671216552484e-02 2.233628635480353386e-09 9.811320261284612876e-01 2.586210796763007238e+03
6.943714307266239416e+01 2.280054296223456983e-02 1.153230625925780184e-01 9.150309992679712956e-02 2.234896490417359028e-09 9.804986135130788760e-01 2.585115826316840867e+03
6.943714307266239416e+01 2.280054296223456983e-02 1.153230625925780184e-01 9.150309992679712956e-02 2.234896490417359028e-09 9.804986135130788760e-01 2.585115826316840867e+03
6.943714307266239416e+01 2.280054296223456983e-02 1.153230625925780184e-01 9.150309992679712956e-02 2.234896490417359028e-09 9.804986135130788760e-01 2.585115826316840867e+03
6.902789437577334297e+01 2.281674324389820416e-02 1.163444274773541148e-01 7.303977036957386149e-02 2.164004887240620644e-09 9.759789643959033700e-01 2.588308920801009663e+03
6.899839571281422934e+01 2.279078491029378969e-02 1.165084689701064713e-01 5.587926685509578273e-02 2.093802344190011458e-09 9.738399274631545088e-01 2.587025677790242753e+03
6.934175949559596575e+01 2.277463370090207148e-02 1.157280345961227280e-01 7.010875598081806048e-02 2.148954523098056900e-09 9.766199872535528126e-01 2.584413457337879663e+03
6.934489534840122360e+01 2.276482714728640319e-02 1.154394021558082795e-01 6.979528131260449852e-02 2.145013513685195447e-09 9.763748047823967990e-01 2.584372691452116214e+03
6.950131986515565075e+01 2.275844395408236145e-02 1.150123795533104371e-01 6.662124525672148689e-02 2.129960584276022137e-09 9.772331941069797301e-01 2.585635730659684668e+03
6.976922388423624000e+01 2.271846016027860571e-02 1.142729843860192662e-01 6.069132215552963672e-02 2.101954887623239853e-09 9.779615103494798678e-01 2.586149505422865332e+03
6.976922388423624000e+01 2.271846016027860571e-02 1.142729843860192662e-01 6.069132215552963672e-02 2.101954887623239853e-09 9.779615103494798678e-01 2.586149505422865332e+03
6.969805153381784635e+01 2.271207562849177422e-02 1.142526216636501057e-01 5.433562859737353645e-02 2.073926233235744493e-09 9.776591449668187161e-01 2.586814585476362026e+03
6.951340759732400443e+01 2.274464102664653167e-02 1.147392607288653527e-01 5.330430588210522541e-02 2.074112587061254908e-09 9.759394020389325908e-01 2.589242952930904266e+03
6.951481833234809926e+01 2.273337639856570780e-02 1.148520613447865796e-01 4.682170915556088664e-02 2.047222866657804501e-09 9.753146035671589331e-01 2.586979198936650846e+03
6.951481833234809926e+01 2.273337639856570780e-02 1.148520613447865796e-01 4.682170915556088664e-02 2.047222866657804501e-09 9.753146035671589331e-01 2.586979198936650846e+03
6.939994263010080999e+01 2.273907570386201477e-02 1.153456575310136401e-01 4.266284181121526853e-02 2.031328140133802504e-09 9.759219768324595146e-01 2.585304768451246673e+03
6.915783557384089875e+01 2.275910075464260621e-02 1.158686107283218997e-01 4.361646315727257112e-02 2.036279911119009659e-09 9.755874016715745389e-01 2.585833921227841074e+03
6.913875948047369491e+01 2.273694498702001632e-02 1.159030996941167041e-01 3.810302929302326197e-02 2.013063607823604499e-09 9.754300882518697202e-01 2.585167799468764315e+03
6.913875948047369491e+01 2.273694498702001632e-02 1.159030996941167041e-01 3.810302929302326197e-02 2.013063607823604499e-09 9.754300882518697202e-01 2.585167799468764315e+03
6.913875948047369491e+01 2.273694498702001632e-02 1.159030996941167041e-01 3.810302929302326197e-02 2.013063607823604499e-09 9.754300882518697202e-01 2.585167799468764315e+03
6.890391278434350397e+01 2.273825521054272797e-02 1.166847944120127517e-01 3.586185881007175613e-02 2.009681864735643382e-09 9.714196064021112242e-01 2.584954776607354688e+03
6.903233712112425735e+01 2.270655819972774297e-02 1.162488088990277224e-01 3.431211801170049730e-02 1.999408545978138858e-09 9.725415226911446887e-01 2.584854315603504801e+03
6.903233712112425735e+01 2.270655819972774297e-02 1.162488088990277224e-01 3.431211801170049730e-02 1.999408545978138858e-09 9.725415226911446887e-01 2.584854315603504801e+03
6.903233712112425735e+01 2.270655819972774297e-02 1.162488088990277224e-01 3.431211801170049730e-02 1.999408545978138858e-09 9.725415226911446887e-01 2.584854315603504801e+03
6.903233712112425735e+01 2.270655819972774297e-02 1.162488088990277224e-01 3.431211801170049730e-02 1.999408545978138858e-09 9.725415226911446887e-01 2.584854315603504801e+03
6.903233712112425735e+01 2.270655819972774297e-02 1.162488088990277224e-01 3.431211801170049730e-02 1.999408545978138858e-09 9.725415226911446887e-01 2.584854315603504801e+03
6.903233712112425735e+01 2.270655819972774297e-02 1.162488088990277224e-01 3.431211801170049730e-02 1.999408545978138858e-09 9.725415226911446887e-01 2.584854315603504801e+03
6.903233712112425735e+01 2.270655819972774297e-02 1.162488088990277224e-01 3.431211801170049730e-02 1.999408545978138858e-09 9.725415226911446887e-01 2.584854315603504801e+03
6.951125600178693276e+01 2.272205093503399873e-02 1.149077610061069177e-01 4.915073342715266247e-02 2.055287709816451700e-09 9.776442906086999507e-01 2.585911847520628726e+03
6.951125600178693276e+01 2.272205093503399873e-02 1.149077610061069177e-01 4.915073342715266247e-02 2.055287709816451700e-09 9.776442906086999507e-01 2.585911847520628726e+03
6.951125600178693276e+01 2.272205093503399873e-02 1.149077610061069177e-01 4.915073342715266247e-02 2.055287709816451700e-09 9.776442906086999507e-01 2.585911847520628726e+03
6.971416214662379218e+01 2.267407491337599529e-02 1.144708375492924646e-01 4.908147114117672460e-02 2.053800562760317931e-09 9.771806193461567425e-01 2.584355007117765126e+03
6.973404935629207557e+01 2.266317503467700153e-02 1.145505816773319391e-01 4.930075303990861385e-02 2.055080749215578557e-09 9.770807612699979883e-01 2.583548394083336461e+03
6.956489707261904698e+01 2.265304173740768923e-02 1.148600147555800949e-01 3.424969977597221160e-02 1.993331174619781617e-09 9.750037648443602434e-01 2.585418660766240464e+03
6.958040490910757114e+01 2.267220510938796132e-02 1.149321921065260543e-01 3.442434004159690419e-02 1.995525655174085759e-09 9.756949021121888999e-01 2.584829385767209715e+03
6.958040490910757114e+01 2.267220510938796132e-02 1.149321921065260543e-01 3.442434004159690419e-02 1.995525655174085759e-09 9.756949021121888999e-01 2.584829385767209715e+03
6.958040490910757114e+01 2.267220510938796132e-02 1.149321921065260543e-01 3.442434004159690419e-02 1.995525655174085759e-09 9.756949021121888999e-01 2.584829385767209715e+03
6.993881318166273786e+01 2.262488405438842914e-02 1.137862481201620535e-01 4.383923463056725589e-02 2.027656176841471989e-09 9.782628845567168385e-01 2.585048274154171395e+03
6.979277860005751677e+01 2.266112574514721201e-02 1.141940395409202780e-01 5.151465587820882458e-02 2.060951293321296174e-09 9.786987373233007048e-01 2.583933984809307731e+03
6.969544700922902791e+01 2.266633833526357847e-02 1.145109103788004984e-01 6.158234500657824156e-02 2.104875640383119754e-09 9.773997642961343990e-01 2.582139189311989867e+03
6.986595769916293364e+01 2.266393954495234467e-02 1.140634335798719617e-01 7.709181038536486175e-02 2.165589490711071511e-09 9.806537699589794599e-01 2.580767979089452638e+03
6.986595769916293364e+01 2.266393954495234467e-02 1.140634335798719617e-01 7.709181038536486175e-02 2.165589490711071511e-09 9.806537699589794599e-01 2.580767979089452638e+03
6.986595769916293364e+01 2.266393954495234467e-02 1.140634335798719617e-01 7.709181038536486175e-02 2.165589490711071511e-09 9.806537699589794599e-01 2.580767979089452638e+03
6.986595769916293364e+01 2.266393954495234467e-02 1.140634335798719617e-01 7.709181038536486175e-02 2.165589490711071511e-09 9.806537699589794599e-01 2.580767979089452638e+03
6.988179996669575189e+01 2.261520154648226019e-02 1.139254508877575872e-01 6.793158506404006758e-02 2.124257838560500343e-09 9.806258821552479299e-01 2.580911017272628669e+03
6.993907354621373429e+01 2.261351562827656689e-02 1.137173151792418568e-01 7.803486341289696260e-02 2.165369067330510870e-09 9.812458255878088176e-01 2.580520540876332234e+03
6.993907354621373429e+01 2.261351562827656689e-02 1.137173151792418568e-01 7.803486341289696260e-02 2.165369067330510870e-09 9.812458255878088176e-01 2.580520540876332234e+03
6.993907354621373429e+01 2.261351562827656689e-02 1.137173151792418568e-01 7.803486341289696260e-02 2.165369067330510870e-09 9.812458255878088176e-01 2.580520540876332234e+03
6.993907354621373429e+01 2.261351562827656689e-02 1.137173151792418568e-01 7.803486341289696260e-02 2.165369067330510870e-09 9.812458255878088176e-01 2.580520540876332234e+03
6.995408490006708746e+01 2.262029818595144570e-02 1.132803633305221741e-01 8.315236148550524120e-02 2.185011986846900476e-09 9.816568433405359340e-01 2.583390336739695158e+03
7.015928866900222260e+01 2.259290761786276330e-02 1.127292231696888081e-01 8.566233278600313139e-02 2.192183687127185882e-09 9.828322426826187064e-01 2.583830659733717766e+03
7.015928866900222260e+01 2.259290761786276330e-02 1.127292231696888081e-01 8.566233278600313139e-02 2.192183687127185882e-09 9.828322426826187064e-01 2.583830659733717766e+03
7.012580175040451991e+01 2.261275973427070984e-02 1.130350348464337767e-01 6.973716289019457615e-02 2.128668489685124959e-09 9.822843601115328616e-01 2.584215720038480868e+03
7.012580175040451991e+01 2.261275973427070984e-02 1.130350348464337767e-01 6.973716289019457615e-02 2.128668489685124959e-09 9.822843601115328616e-01 2.584215720038480868e+03
7.012580175040451991e+01 2.261275973427070984e-02 1.130350348464337767e-01 6.973716289019457615e-02 2.128668489685124959e-09 9.822843601115328616e-01 2.584215720038480868e+03
7.011004425132435358e+01 2.259821191491948045e-02 1.131696596533373622e-01 7.187747676600246549e-02 2.136994491490488085e-09 9.827478715233362028e-01 2.582557185485584341e+03
6.995951795585375521e+01 2.260457573849691815e-02 1.136831079832327784e-01 7.166841722454898866e-02 2.137732080709593146e-09 9.818085843456263451e-01 2.581049991231946478e+03
6.995951795585375521e+01 2.260457573849691815e-02 1.136831079832327784e-01 7.166841722454898866e-02 2.137732080709593146e-09 9.818085843456263451e-01 2.581049991231946478e+03
6.998186483260592183e+01 2.260233981468881201e-02 1.137188054170023138e-01 7.067432487326663626e-02 2.134545285368466593e-09 9.802481687830961743e-01 2.580984344306635194e+03
6.979568234665458704e+01 2.263644735031885083e-02 1.141812028149256364e-01 7.872218336420384877e-02 2.171113651253636356e-09 9.799018565145858339e-01 2.579834493516409566e+03
6.979568234665458704e+01 2.263644735031885083e-02 1.141812028149256364e-01 7.872218336420384877e-02 2.171113651253636356e-09 9.799018565145858339e-01 2.579834493516409566e+03
6.979568234665458704e+01 2.263644735031885083e-02 1.141812028149256364e-01 7.872218336420384877e-02 2.171113651253636356e-09 9.799018565145858339e-01 2.579834493516409566e+03
6.982992056029718242e+01 2.258793131161867390e-02 1.141868863103409348e-01 6.775880025802731577e-02 2.125479778834332363e-09 9.778679856701109063e-01 2.581406608888859864e+03
6.982992056029718242e+01 2.258793131161867390e-02 1.141868863103409348e-01 6.775880025802731577e-02 2.125479778834332363e-09 9.778679856701109063e-01 2.581406608888859864e+03
6.982992056029718242e+01 2.258793131161867390e-02 1.141868863103409348e-01 6.775880025802731577e-02 2.125479778834332363e-09 9.778679856701109063e-01 2.581406608888859864e+03
6.956243111502418230e+01 2.259240535597501279e-02 1.148968908172521841e-01 6.713733323036046030e-02 2.128248715026434760e-09 9.753150092610820554e-01 2.581043044194957474e+03
6.956243111502418230e+01 2.259240535597501279e-02 1.148968908172521841e-01 6.713733323036046030e-02 2.128248715026434760e-09 9.753150092610820554e-01 2.581043044194957474e+03
6.979295487777595497e+01 2.262691014636627335e-02 1.143612213271542194e-01 8.960740503226784226e-02 2.218957655116371444e-09 9.788925032636281998e-01 2.579678352174118118e+03
6.979295487777595497e+01 2.262691014636627335e-02 1.143612213271542194e-01 8.960740503226784226e-02 2.218957655116371444e-09 9.788925032636281998e-01 2.579678352174118118e+03
6.969577138572435615e+01 2.261244107277311788e-02 1.146185736892223611e-01 8.156661394521351471e-02 2.187423436611304799e-09 9.773368859371361905e-01 2.579527182382402771e+03
6.973981962953193658e+01 2.263333744353413987e-02 1.143768773694372326e-01 9.463583063957724251e-02 2.239716065535211440e-09 9.792980000391339201e-01 2.580025315933482034e+03
6.985359597041490076e+01 2.258030331669512794e-02 1.139971619925169571e-01 7.859870067121632609e-02 2.169524136640764532e-09 9.789826625079258715e-01 2.580488995593583240e+03
6.969115796473742819e+01 2.257895179405846817e-02 1.144370427284792519e-01 8.116468155063151502e-02 2.182559205922571116e-09 9.764269827778335742e-01 2.582551282831504523e+03
7.005515142790338246e+01 2.260094741978660796e-02 1.134838710254774258e-01 1.005016272003087102e-01 2.258877641030769399e-09 9.818264354669892224e-01 2.581978559185814447e+03
