6.927437405559668093e+01 2.268951620648334069e-02 1.157842130221652943e-01 1.018776197480428108e-01 2.281330467595682757e-09 9.791613740328558579e-01 2.579074555952533046e+03
6.927437405559668093e+01 2.268951620648334069e-02 1.157842130221652943e-01 1.018776197480428108e-01 2.281330467595682757e-09 9.791613740328558579e-01 2.579074555952533046e+03
6.927437405559668093e+01 2.268951620648334069e-02 1.157842130221652943e-01 1.018776197480428108e-01 2.281330467595682757e-09 9.791613740328558579e-01 2.579074555952533046e+03
6.927437405559668093e+01 2.268951620648334069e-02 1.157842130221652943e-01 1.018776197480428108e-01 2.281330467595682757e-09 9.791613740328558579e-01 2.579074555952533046e+03
6.942040686992250187e+01 2.269165333044557628e-02 1.154385982119964099e-01 1.039345929923266437e-01 2.288472575216873989e-09 9.803310702546779165e-01 2.579294420954749967e+03
6.955051328009152201e+01 2.265203326048063556e-02 1.147935900351522986e-01 9.889203231398639715e-02 2.261740447869362475e-09 9.811410792886734455e-01 2.579502278367749113e+03
6.990199286343666074e+01 2.262615226573749458e-02 1.137948840513996057e-01 1.027380717108542924e-01 2.273309869213131539e-09 9.836532319502945265e-01 2.580533808247495472e+03
6.989021232158725638e+01 2.262600638099502084e-02 1.139604519785871600e-01 9.614455827803514154e-02 2.246690404663084651e-09 9.829723209779978044e-01 2.580102048847831611e+03
6.969740601253568002e+01 2.261363182888641299e-02 1.141306561674170217e-01 8.927962406143680196e-02 2.217703041500143120e-09 9.832534395781979963e-01 2.584188144462483706e+03
6.988819339404427922e+01 2.265027992142350233e-02 1.138793421235271414e-01 1.156309280378314541e-01 2.328074452450751257e-09 9.866155240274199212e-01 2.583922308223009168e+03
6.996909871524609059e+01 2.263644924189892396e-02 1.135491403646273073e-01 1.189113354886333490e-01 2.341342368306991773e-09 9.862379593484256191e-01 2.583444617504858797e+03
6.980560108345424908e+01 2.263818542629677730e-02 1.138669149884710269e-01 1.231800515201675467e-01 2.361433018712123620e-09 9.841428448023402664e-01 2.584183139163519627e+03
6.980482321027764669e+01 2.260710552015062630e-02 1.138695269286080919e-01 1.146985079936415491e-01 2.323245099610125277e-09 9.848357368460691763e-01 2.582654861873238588e+03
6.983397286239762991e+01 2.260254683337611925e-02 1.137022400642918180e-01 1.177589554727898197e-01 2.336253905255274551e-09 9.850796754090594964e-01 2.583335771169078726e+03
6.983397286239762991e+01 2.260254683337611925e-02 1.137022400642918180e-01 1.177589554727898197e-01 2.336253905255274551e-09 9.850796754090594964e-01 2.583335771169078726e+03
6.968320452116984143e+01 2.261643363262607481e-02 1.141242091927305302e-01 1.142680483479108916e-01 2.325372473938444138e-09 9.841710764831996805e-01 2.582544691990812680e+03
6.968320452116984143e+01 2.261643363262607481e-02 1.141242091927305302e-01 1.142680483479108916e-01 2.325372473938444138e-09 9.841710764831996805e-01 2.582544691990812680e+03
6.968320452116984143e+01 2.261643363262607481e-02 1.141242091927305302e-01 1.142680483479108916e-01 2.325372473938444138e-09 9.841710764831996805e-01 2.582544691990812680e+03
6.968320452116984143e+01 2.261643363262607481e-02 1.141242091927305302e-01 1.142680483479108916e-01 2.325372473938444138e-09 9.841710764831996805e-01 2.582544691990812680e+03
6.948349849252446120e+01 2.261412193267337695e-02 1.146419587880961738e-01 1.120300693911427253e-01 2.318631268008244993e-09 9.823486084756053449e-01 2.581333374287124116e+03
6.948349849252446120e+01 2.261412193267337695e-02 1.146419587880961738e-01 1.120300693911427253e-01 2.318631268008244993e-09 9.823486084756053449e-01 2.581333374287124116e+03
6.948349849252446120e+01 2.261412193267337695e-02 1.146419587880961738e-01 1.120300693911427253e-01 2.318631268008244993e-09 9.823486084756053449e-01 2.581333374287124116e+03
6.934930807531361552e+01 2.263729339879518021e-02 1.148683230698856472e-01 1.156858280032778408e-01 2.335759119474989309e-09 9.830141846150021179e-01 2.584655095461031124e+03
6.946250618084589235e+01 2.261396599309082461e-02 1.142959187917514385e-01 1.212255252998945265e-01 2.354953820729648240e-09 9.832583165929521529e-01 2.586606882995878095e+03
6.957475804653155649e+01 2.261081771166685919e-02 1.140983177496228546e-01 1.094254683303073489e-01 2.305414623949218023e-09 9.834815939869689938e-01 2.586014727957781815e+03
6.957475804653155649e+01 2.261081771166685919e-02 1.140983177496228546e-01 1.094254683303073489e-01 2.305414623949218023e-09 9.834815939869689938e-01 2.586014727957781815e+03
6.957475804653155649e+01 2.261081771166685919e-02 1.140983177496228546e-01 1.094254683303073489e-01 2.305414623949218023e-09 9.834815939869689938e-01 2.586014727957781815e+03
6.957475804653155649e+01 2.261081771166685919e-02 1.140983177496228546e-01 1.094254683303073489e-01 2.305414623949218023e-09 9.834815939869689938e-01 2.586014727957781815e+03
6.932807020897622863e+01 2.263710146631535067e-02 1.148837456853158412e-01 1.026541260985263798e-01 2.283973672777208381e-09 9.788465605489574672e-01 2.583867557564491108e+03
6.926309241906795933e+01 2.266139547144466540e-02 1.151476250875571872e-01 1.010839425136796921e-01 2.278376724575366352e-09 9.785880002206460704e-01 2.583941464421845012e+03
6.949425375455923870e+01 2.264583997553925102e-02 1.144527739529614813e-01 1.124824254093805542e-01 2.322288488422396530e-09 9.815120574004680964e-01 2.583701712515992767e+03
6.922646864024352453e+01 2.261822469256779752e-02 1.153179507099609674e-01 8.834404379607434243e-02 2.224947192271548337e-09 9.777395336029504058e-01 2.583902056422902206e+03
6.922646864024352453e+01 2.261822469256779752e-02 1.153179507099609674e-01 8.834404379607434243e-02 2.224947192271548337e-09 9.777395336029504058e-01 2.583902056422902206e+03
6.915360286981949400e+01 2.263624550004651043e-02 1.154149649536692357e-01 1.010807696248098853e-01 2.276935221218031314e-09 9.785807905011660868e-01 2.581449199674721058e+03
6.913911274245985794e+01 2.268121162760803125e-02 1.155386822721647389e-01 9.989499166166557198e-02 2.274431069082020581e-09 9.792618855230201813e-01 2.585667373172180305e+03
6.913911274245985794e+01 2.268121162760803125e-02 1.155386822721647389e-01 9.989499166166557198e-02 2.274431069082020581e-09 9.792618855230201813e-01 2.585667373172180305e+03
6.926270208715409638e+01 2.272557587400562962e-02 1.153797311275151088e-01 1.185723774908223060e-01 2.354035879057991953e-09 9.809943925451508617e-01 2.584289728591887979e+03
6.922533719807519503e+01 2.273963867260314284e-02 1.155681717077384485e-01 1.305280813879753365e-01 2.406688625761695686e-09 9.791810491324818289e-01 2.586568305701427562e+03
6.922533719807519503e+01 2.273963867260314284e-02 1.155681717077384485e-01 1.305280813879753365e-01 2.406688625761695686e-09 9.791810491324818289e-01 2.586568305701427562e+03
6.931989761058373745e+01 2.271597941484372954e-02 1.150108055275278346e-01 1.139277191674796103e-01 2.336175183547073019e-09 9.785007893335032625e-01 2.585710117632412221e+03
6.949998252025636702e+01 2.272547673324146200e-02 1.144709917833355295e-01 1.203224056101317857e-01 2.359086511692448686e-09 9.816828959289103373e-01 2.587663779889596299e+03
6.937111429059432055e+01 2.270391819719047924e-02 1.146233364421428841e-01 1.204878450043593147e-01 2.360918155802408934e-09 9.793925581109841350e-01 2.587042576612042467e+03
6.918464635602813928e+01 2.270123429282625352e-02 1.152647062646780796e-01 1.172327455439280547e-01 2.351333525863631436e-09 9.770198871232460558e-01 2.584478443767215595e+03
6.897823762043398688e+01 2.267973575996195396e-02 1.158239361449917570e-01 1.120976760618792728e-01 2.333202992525306361e-09 9.739187901027981376e-01 2.583585889883382151e+03
6.897823762043398688e+01 2.267973575996195396e-02 1.158239361449917570e-01 1.120976760618792728e-01 2.333202992525306361e-09 9.739187901027981376e-01 2.583585889883382151e+03
6.897823762043398688e+01 2.267973575996195396e-02 1.158239361449917570e-01 1.120976760618792728e-01 2.333202992525306361e-09 9.739187901027981376e-01 2.583585889883382151e+03
6.897823762043398688e+01 2.267973575996195396e-02 1.158239361449917570e-01 1.120976760618792728e-01 2.333202992525306361e-09 9.739187901027981376e-01 2.583585889883382151e+03
6.887831069306284348e+01 2.271097202793699588e-02 1.162922652285596631e-01 1.212475841338691157e-01 2.375349189223293516e-09 9.742923554431875965e-01 2.583020687323851234e+03
6.887831069306284348e+01 2.271097202793699588e-02 1.162922652285596631e-01 1.212475841338691157e-01 2.375349189223293516e-09 9.742923554431875965e-01 2.583020687323851234e+03
6.887831069306284348e+01 2.271097202793699588e-02 1.162922652285596631e-01 1.212475841338691157e-01 2.375349189223293516e-09 9.742923554431875965e-01 2.583020687323851234e+03
6.887831069306284348e+01 2.271097202793699588e-02 1.162922652285596631e-01 1.212475841338691157e-01 2.375349189223293516e-09 9.742923554431875965e-01 2.583020687323851234e+03
6.887831069306284348e+01 2.271097202793699588e-02 1.162922652285596631e-01 1.212475841338691157e-01 2.375349189223293516e-09 9.742923554431875965e-01 2.583020687323851234e+03
6.887831069306284348e+01 2.271097202793699588e-02 1.162922652285596631e-01 1.212475841338691157e-01 2.375349189223293516e-09 9.742923554431875965e-01 2.583020687323851234e+03
6.903104955102575957e+01 2.270947510411899795e-02 1.158294475226930853e-01 1.207384569768498173e-01 2.370479912649729245e-09 9.764591605143175812e-01 2.583368397208050737e+03
6.930605555468812895e+01 2.271151591480440046e-02 1.151708268262387480e-01 1.214707326057999498e-01 2.370526758088089187e-09 9.786877589122547905e-01 2.583451572738013965e+03
6.952510475470803897e+01 2.267372900017744844e-02 1.147116973094580022e-01 1.284803205882970589e-01 2.397413694842405462e-09 9.794901949551094722e-01 2.581483938944620604e+03
6.971282222639175075e+01 2.268502790614687278e-02 1.144634073817756836e-01 1.346503895668014206e-01 2.423843214943392441e-09 9.809907943745649339e-01 2.581979149466741546e+03
6.971282222639175075e+01 2.268502790614687278e-02 1.144634073817756836e-01 1.346503895668014206e-01 2.423843214943392441e-09 9.809907943745649339e-01 2.581979149466741546e+03
6.947552609152711511e+01 2.266592156801165367e-02 1.151925635730024489e-01 1.141338285399807612e-01 2.343268640031049523e-09 9.771824718586610281e-01 2.581817074929292630e+03
6.947552609152711511e+01 2.266592156801165367e-02 1.151925635730024489e-01 1.141338285399807612e-01 2.343268640031049523e-09 9.771824718586610281e-01 2.581817074929292630e+03
6.947552609152711511e+01 2.266592156801165367e-02 1.151925635730024489e-01 1.141338285399807612e-01 2.343268640031049523e-09 9.771824718586610281e-01 2.581817074929292630e+03
6.947552609152711511e+01 2.266592156801165367e-02 1.151925635730024489e-01 1.141338285399807612e-01 2.343268640031049523e-09 9.771824718586610281e-01 2.581817074929292630e+03
6.947552609152711511e+01 2.266592156801165367e-02 1.151925635730024489e-01 1.141338285399807612e-01 2.343268640031049523e-09 9.771824718586610281e-01 2.581817074929292630e+03
6.973112396728930662e+01 2.266303103766048599e-02 1.146189635084091801e-01 1.194950424735429922e-01 2.363767339080418491e-09 9.787041426295671753e-01 2.580755401307260399e+03
6.956223146875196051e+01 2.265529813294156480e-02 1.152685392362371858e-01 1.134935559994030008e-01 2.340873739985057516e-09 9.767477873954142353e-01 2.580590052657948036e+03
6.956223146875196051e+01 2.265529813294156480e-02 1.152685392362371858e-01 1.134935559994030008e-01 2.340873739985057516e-09 9.767477873954142353e-01 2.580590052657948036e+03
6.984299614618537078e+01 2.261380524638221742e-02 1.145858593185582613e-01 1.054961809906495573e-01 2.303723283816750430e-09 9.771852540482350857e-01 2.583926915165737228e+03
6.947420296620748559e+01 2.261785999481251766e-02 1.154530839577907475e-01 1.104286177944487080e-01 2.325164258559288583e-09 9.752255583196555166e-01 2.579584944832622568e+03
6.955251122470663461e+01 2.260926278493249897e-02 1.151378386354434263e-01 1.120840701016990876e-01 2.330408403481984039e-09 9.762396953851122383e-01 2.579077979219705412e+03
6.955251122470663461e+01 2.260926278493249897e-02 1.151378386354434263e-01 1.120840701016990876e-01 2.330408403481984039e-09 9.762396953851122383e-01 2.579077979219705412e+03
6.955251122470663461e+01 2.260926278493249897e-02 1.151378386354434263e-01 1.120840701016990876e-01 2.330408403481984039e-09 9.762396953851122383e-01 2.579077979219705412e+03
6.955251122470663461e+01 2.260926278493249897e-02 1.151378386354434263e-01 1.120840701016990876e-01 2.330408403481984039e-09 9.762396953851122383e-01 2.579077979219705412e+03
6.953121770106152155e+01 2.262834000054784328e-02 1.151811081676355764e-01 1.202956769430948980e-01 2.367865832660940611e-09 9.757591345528610072e-01 2.580025059743038582e+03
6.937277014869196989e+01 2.258520080790402812e-02 1.154835513425951782e-01 1.176359976351835923e-01 2.356173121486898907e-09 9.749416476639525264e-01 2.580034084570726918e+03
6.976089366917537404e+01 2.258201232400576172e-02 1.148303651220616978e-01 1.173954058839374037e-01 2.353966727046511919e-09 9.765494485574518491e-01 2.581401418011626902e+03
6.976089366917537404e+01 2.258201232400576172e-02 1.148303651220616978e-01 1.173954058839374037e-01 2.353966727046511919e-09 9.765494485574518491e-01 2.581401418011626902e+03
6.946832291575154272e+01 2.259962540024319094e-02 1.157629504818813299e-01 9.576343038559935461e-02 2.267586561654550239e-09 9.737957249458258913e-01 2.585260903156345194e+03
6.946832291575154272e+01 2.259962540024319094e-02 1.157629504818813299e-01 9.576343038559935461e-02 2.267586561654550239e-09 9.737957249458258913e-01 2.585260903156345194e+03
6.964047056554105097e+01 2.257780778236187502e-02 1.151690763190059696e-01 1.097009985673182975e-01 2.320887088032698046e-09 9.764180172575749328e-01 2.580473384778802483e+03
6.954460573725511097e+01 2.260129100918940870e-02 1.154197621443469185e-01 1.075220259424545938e-01 2.311923990121306662e-09 9.761900175577725713e-01 2.579735880145674400e+03
6.954460573725511097e+01 2.260129100918940870e-02 1.154197621443469185e-01 1.075220259424545938e-01 2.311923990121306662e-09 9.761900175577725713e-01 2.579735880145674400e+03
6.953062828194475742e+01 2.261609291768309701e-02 1.154523742192585384e-01 1.112703171901690685e-01 2.330344599667877324e-09 9.760792591458576917e-01 2.579975152220507880e+03
6.953062828194475742e+01 2.261609291768309701e-02 1.154523742192585384e-01 1.112703171901690685e-01 2.330344599667877324e-09 9.760792591458576917e-01 2.579975152220507880e+03
6.942264162026509666e+01 2.260340102421388303e-02 1.156366228100276367e-01 1.121454372754230322e-01 2.333711705716234439e-09 9.748638737989523406e-01 2.580053755463211019e+03
6.942264162026509666e+01 2.260340102421388303e-02 1.156366228100276367e-01 1.121454372754230322e-01 2.333711705716234439e-09 9.748638737989523406e-01 2.580053755463211019e+03
6.942264162026509666e+01 2.260340102421388303e-02 1.156366228100276367e-01 1.121454372754230322e-01 2.333711705716234439e-09 9.748638737989523406e-01 2.580053755463211019e+03
6.931321072763122970e+01 2.258251179329421113e-02 1.157688413291922958e-01 1.059722298809439578e-01 2.307400324371464138e-09 9.740672655624782461e-01 2.579596047688488397e+03
6.931321072763122970e+01 2.258251179329421113e-02 1.157688413291922958e-01 1.059722298809439578e-01 2.307400324371464138e-09 9.740672655624782461e-01 2.579596047688488397e+03
6.919506940318777310e+01 2.257400394725583848e-02 1.159763634000367388e-01 1.036890139136756595e-01 2.298065585264411369e-09 9.735892845994441602e-01 2.579176794083150526e+03
6.919506940318777310e+01 2.257400394725583848e-02 1.159763634000367388e-01 1.036890139136756595e-01 2.298065585264411369e-09 9.735892845994441602e-01 2.579176794083150526e+03
6.919506940318777310e+01 2.257400394725583848e-02 1.159763634000367388e-01 1.036890139136756595e-01 2.298065585264411369e-09 9.735892845994441602e-01 2.579176794083150526e+03
6.919506940318777310e+01 2.257400394725583848e-02 1.159763634000367388e-01 1.036890139136756595e-01 2.298065585264411369e-09 9.735892845994441602e-01 2.579176794083150526e+03
6.937311812576282932e+01 2.261515360096388177e-02 1.155355962086344473e-01 1.151472641009309850e-01 2.345910893205125784e-09 9.756600156510695232e-01 2.578811690195673236e+03
6.937311812576282932e+01 2.261515360096388177e-02 1.155355962086344473e-01 1.151472641009309850e-01 2.345910893205125784e-09 9.756600156510695232e-01 2.578811690195673236e+03
6.937311812576282932e+01 2.261515360096388177e-02 1.155355962086344473e-01 1.151472641009309850e-01 2.345910893205125784e-09 9.756600156510695232e-01 2.578811690195673236e+03
6.945250728525839179e+01 2.260107469594276053e-02 1.153053835463490051e-01 1.097961079927711331e-01 2.320212479584500642e-09 9.778477283312536628e-01 2.578257045368456602e+03
6.951710343816894522e+01 2.259642304250423020e-02 1.151980923660649581e-01 1.131707641493839428e-01 2.332875168110186884e-09 9.787424147487682191e-01 2.577901806214037606e+03
6.951710343816894522e+01 2.259642304250423020e-02 1.151980923660649581e-01 1.131707641493839428e-01 2.332875168110186884e-09 9.787424147487682191e-01 2.577901806214037606e+03
6.945806236843988302e+01 2.255352480211815849e-02 1.152324412620698152e-01 1.003774887743308364e-01 2.278098150551658384e-09 9.759700144773053587e-01 2.578633183273722352e+03
6.945806236843988302e+01 2.255352480211815849e-02 1.152324412620698152e-01 1.003774887743308364e-01 2.278098150551658384e-09 9.759700144773053587e-01 2.578633183273722352e+03
6.945806236843988302e+01 2.255352480211815849e-02 1.152324412620698152e-01 1.003774887743308364e-01 2.278098150551658384e-09 9.759700144773053587e-01 2.578633183273722352e+03
6.924366152268811447e+01 2.256264130342501908e-02 1.155352889352438822e-01 1.040556348196320369e-01 2.295391285578960365e-09 9.743047065747805213e-01 2.578746446242096681e+03
6.924366152268811447e+01 2.256264130342501908e-02 1.155352889352438822e-01 1.040556348196320369e-01 2.295391285578960365e-09 9.743047065747805213e-01 2.578746446242096681e+03
6.919097636149653852e+01 2.254333450800864377e-02 1.156677284505593373e-01 1.039501924396905030e-01 2.295012271312015052e-09 9.728185984731367864e-01 2.580336900018120559e+03
6.923780087618685286e+01 2.254957129835879689e-02 1.156456926454184631e-01 9.304662041070946299e-02 2.251591696200620275e-09 9.722130609251073974e-01 2.581707062071014661e+03
6.923780087618685286e+01 2.254957129835879689e-02 1.156456926454184631e-01 9.304662041070946299e-02 2.251591696200620275e-09 9.722130609251073974e-01 2.581707062071014661e+03
6.918791181062846363e+01 2.250139205286125210e-02 1.155134152010656862e-01 8.082529648684567969e-02 2.199129376038533367e-09 9.699585684970783994e-01 2.586006179629456710e+03
6.934674197260746098e+01 2.246576432864052023e-02 1.150437598143205786e-01 8.535749770774002376e-02 2.214466467546776584e-09 9.697820668744691064e-01 2.587883257143258561e+03
6.916406617698282844e+01 2.248836686194619072e-02 1.154815478757963282e-01 9.252035088543897334e-02 2.246045812885734402e-09 9.689823201423486410e-01 2.587240370113428980e+03
6.916406617698282844e+01 2.248836686194619072e-02 1.154815478757963282e-01 9.252035088543897334e-02 2.246045812885734402e-09 9.689823201423486410e-01 2.587240370113428980e+03
6.907740792640609584e+01 2.246311930121315178e-02 1.154418165448065914e-01 8.148817597228558141e-02 2.195886645045774313e-09 9.690979806520325646e-01 2.586891323075823493e+03
6.908158210628242557e+01 2.244503298281467357e-02 1.155950810267534629e-01 6.688647632309432933e-02 2.134803042985042962e-09 9.684979539351362687e-01 2.588149010671244469e+03
6.937692277806841901e+01 2.242899244882597121e-02 1.150228588957956377e-01 8.011498656216051173e-02 2.185346245350518848e-09 9.712999756270209728e-01 2.588174178691734596e+03
6.960042470893539246e+01 2.243003408882535826e-02 1.144989892316574526e-01 7.321557927186553294e-02 2.152796266779490965e-09 9.738486856521507695e-01 2.585650749754982371e+03
6.960042470893539246e+01 2.243003408882535826e-02 1.144989892316574526e-01 7.321557927186553294e-02 2.152796266779490965e-09 9.738486856521507695e-01 2.585650749754982371e+03
6.960042470893539246e+01 2.243003408882535826e-02 1.144989892316574526e-01 7.321557927186553294e-02 2.152796266779490965e-09 9.738486856521507695e-01 2.585650749754982371e+03
6.960042470893539246e+01 2.243003408882535826e-02 1.144989892316574526e-01 7.321557927186553294e-02 2.152796266779490965e-09 9.738486856521507695e-01 2.585650749754982371e+03
6.960042470893539246e+01 2.243003408882535826e-02 1.144989892316574526e-01 7.321557927186553294e-02 2.152796266779490965e-09 9.738486856521507695e-01 2.585650749754982371e+03
6.947049023097157772e+01 2.244192845037009873e-02 1.147907126591119487e-01 5.833359389193702726e-02 2.091276846384354736e-09 9.732495987726922371e-01 2.585639156135656322e+03
6.982566482388567408e+01 2.244602481856007928e-02 1.137402409573985973e-01 8.148201187902637255e-02 2.182341259622023916e-09 9.782279280172501146e-01 2.581500483030729356e+03
6.967201429365564991e+01 2.243889094737083756e-02 1.140612210422472517e-01 8.567538537240348973e-02 2.202774040567024079e-09 9.763818814296548743e-01 2.582100795388663755e+03
6.959832314110423113e+01 2.243037758661373116e-02 1.142770785996112953e-01 9.219528061633233684e-02 2.230444136853514385e-09 9.761683640917273586e-01 2.583089994960350850e+03
6.948178694289003943e+01 2.241044292200844792e-02 1.143989733609688531e-01 8.135921626333414425e-02 2.185427930796754068e-09 9.748761693139835760e-01 2.583153466929254137e+03
6.925788831851730265e+01 2.241544844220875674e-02 1.148277558159542105e-01 7.564725138192980591e-02 2.163759756157619235e-09 9.733103104654934334e-01 2.583102285646848941e+03
6.917315031864947628e+01 2.245616195322696143e-02 1.150224133492842443e-01 8.143364371521810696e-02 2.188838857595408655e-09 9.745383988682329024e-01 2.580617839733477012e+03
6.919496009232238976e+01 2.248536290019140932e-02 1.151805724041740364e-01 8.640378024093288423e-02 2.210917073020644424e-09 9.753540916212635192e-01 2.578982168444640138e+03
6.924717211557812391e+01 2.243563764265262342e-02 1.150444402885344580e-01 7.256382057414392794e-02 2.150513835432113024e-09 9.751569353870139789e-01 2.579997889655293420e+03
6.923864899330931166e+01 2.243541079959653767e-02 1.152237213425587742e-01 6.954865089263076450e-02 2.139594404786476693e-09 9.752447602260869708e-01 2.579363839752784770e+03
6.876914030604044115e+01 2.245944211430695933e-02 1.164862024891101799e-01 7.043318191297441577e-02 2.149186992115823091e-09 9.719191470647344788e-01 2.579100232862924713e+03
6.865907580432237012e+01 2.246948885467905249e-02 1.167954886755660365e-01 6.272053693030540944e-02 2.118400320456242865e-09 9.719017354047110313e-01 2.578468534706915307e+03
6.881487959980394464e+01 2.246164757347365176e-02 1.164180753521047162e-01 8.377068122623462787e-02 2.203337682963744261e-09 9.742892180264590696e-01 2.578231178755583187e+03
6.881487959980394464e+01 2.246164757347365176e-02 1.164180753521047162e-01 8.377068122623462787e-02 2.203337682963744261e-09 9.742892180264590696e-01 2.578231178755583187e+03
6.903703458458943487e+01 2.246215355008249551e-02 1.157975517538720467e-01 7.124906739175956849e-02 2.148189667225681907e-09 9.764199039189044305e-01 2.577581103069694109e+03
6.928618566850734339e+01 2.246029536244956507e-02 1.153352673644905679e-01 9.101097052844489554e-02 2.229113913182429976e-09 9.788694864021948439e-01 2.577689565769697765e+03
6.938553710207543190e+01 2.245856898935131088e-02 1.150335294233532230e-01 9.526108529563896699e-02 2.245741680120378540e-09 9.797939704557674379e-01 2.577986508976250661e+03
6.920877552318971482e+01 2.243312999434790914e-02 1.156178477395266024e-01 8.300998246356559862e-02 2.196217044173781461e-09 9.771898135216083858e-01 2.578581106184097735e+03
6.920877552318971482e+01 2.243312999434790914e-02 1.156178477395266024e-01 8.300998246356559862e-02 2.196217044173781461e-09 9.771898135216083858e-01 2.578581106184097735e+03
6.937986744732140210e+01 2.245872060106195167e-02 1.154232983576936045e-01 7.281776517641440349e-02 2.154042527757752454e-09 9.800491893270639743e-01 2.579816593066138012e+03
6.927413541095823746e+01 2.246609501215986529e-02 1.158699882425089089e-01 5.682057808247660546e-02 2.089976958816897587e-09 9.781683259245107509e-01 2.581314355226541011e+03
6.949672845155340895e+01 2.246790657025669533e-02 1.153797740775445585e-01 4.893379175070565468e-02 2.056019210259389050e-09 9.807001730926304672e-01 2.585453327260683182e+03
6.968858899455672429e+01 2.247174706983121398e-02 1.150620342325883588e-01 3.943505599349689944e-02 2.015429035707140038e-09 9.815239900517314098e-01 2.587928895228122201e+03
6.968858899455672429e+01 2.247174706983121398e-02 1.150620342325883588e-01 3.943505599349689944e-02 2.015429035707140038e-09 9.815239900517314098e-01 2.587928895228122201e+03
6.959932991929794355e+01 2.247052593515071889e-02 1.152571303516952694e-01 3.010068653739908159e-02 1.978169494092912012e-09 9.806280599989927182e-01 2.587781307485458456e+03
6.959932991929794355e+01 2.247052593515071889e-02 1.152571303516952694e-01 3.010068653739908159e-02 1.978169494092912012e-09 9.806280599989927182e-01 2.587781307485458456e+03
6.951016122915861217e+01 2.245227788566539484e-02 1.154154915852597524e-01 2.177018698526353782e-02 1.940894008590588235e-09 9.800323084735581558e-01 2.590831469547077177e+03
6.951016122915861217e+01 2.245227788566539484e-02 1.154154915852597524e-01 2.177018698526353782e-02 1.940894008590588235e-09 9.800323084735581558e-01 2.590831469547077177e+03
6.968522043429652513e+01 2.243594729088829731e-02 1.148810089129454898e-01 2.280569688983495255e-02 1.940372330986361832e-09 9.814279742185589850e-01 2.593440519223595402e+03
6.968522043429652513e+01 2.243594729088829731e-02 1.148810089129454898e-01 2.280569688983495255e-02 1.940372330986361832e-09 9.814279742185589850e-01 2.593440519223595402e+03
6.965861161547975655e+01 2.241993240343083393e-02 1.146809705718408873e-01 3.404221189850219209e-02 1.983946878322161856e-09 9.824865326127895093e-01 2.587992683975990985e+03
6.961835539091161706e+01 2.243556359783272641e-02 1.147103778495444648e-01 5.519466437837287909e-02 2.072232799664695361e-09 9.834284421432181178e-01 2.583341236026063143e+03
6.956669464127455171e+01 2.242320670310414890e-02 1.147978297739208481e-01 4.267233909226113286e-02 2.019333834567060406e-09 9.823481956698676409e-01 2.585153480238281190e+03
6.973236066030256097e+01 2.239711328824842140e-02 1.142370743455383003e-01 5.258683268515783327e-02 2.058457052389070318e-09 9.834086050378090249e-01 2.583712365461431546e+03
6.973236066030256097e+01 2.239711328824842140e-02 1.142370743455383003e-01 5.258683268515783327e-02 2.058457052389070318e-09 9.834086050378090249e-01 2.583712365461431546e+03
6.973236066030256097e+01 2.239711328824842140e-02 1.142370743455383003e-01 5.258683268515783327e-02 2.058457052389070318e-09 9.834086050378090249e-01 2.583712365461431546e+03
6.963004736147841811e+01 2.240031683659381850e-02 1.142726248068282463e-01 5.470060640509842587e-02 2.068815951521968743e-09 9.827630132377168648e-01 2.582547841148973021e+03
6.977045376785562780e+01 2.241310437655870402e-02 1.140325438809400294e-01 5.882305431570754306e-02 2.085813979319174732e-09 9.847089128834376481e-01 2.584760058654955628e+03
6.983531720938923115e+01 2.237305384615427550e-02 1.138590368791683183e-01 4.837706299289885881e-02 2.043582170787607090e-09 9.836355231909000851e-01 2.585753019706678970e+03
6.983531720938923115e+01 2.237305384615427550e-02 1.138590368791683183e-01 4.837706299289885881e-02 2.043582170787607090e-09 9.836355231909000851e-01 2.585753019706678970e+03
6.987063015841508218e+01 2.238914912076767766e-02 1.138393004528590602e-01 5.843982504852066051e-02 2.086681422081377699e-09 9.827675186475627322e-01 2.584674680815106512e+03
6.956034153049454005e+01 2.240543719563524785e-02 1.149176044109144756e-01 6.831774893338429799e-02 2.134338698642519990e-09 9.806729514780060386e-01 2.582350715544094783e+03
6.956034153049454005e+01 2.240543719563524785e-02 1.149176044109144756e-01 6.831774893338429799e-02 2.134338698642519990e-09 9.806729514780060386e-01 2.582350715544094783e+03
6.956034153049454005e+01 2.240543719563524785e-02 1.149176044109144756e-01 6.831774893338429799e-02 2.134338698642519990e-09 9.806729514780060386e-01 2.582350715544094783e+03
6.956034153049454005e+01 2.240543719563524785e-02 1.149176044109144756e-01 6.831774893338429799e-02 2.134338698642519990e-09 9.806729514780060386e-01 2.582350715544094783e+03
6.974372767130901707e+01 2.242294962718309470e-02 1.144803681874787399e-01 8.425643702523526180e-02 2.200527031366184170e-09 9.822856466698284272e-01 2.582159371645682768e+03
6.974372767130901707e+01 2.242294962718309470e-02 1.144803681874787399e-01 8.425643702523526180e-02 2.200527031366184170e-09 9.822856466698284272e-01 2.582159371645682768e+03
6.953644340833503179e+01 2.246010963583063708e-02 1.150580895678710858e-01 1.086816242811286110e-01 2.306733324951415319e-09 9.812417576098318994e-01 2.579409572543175727e+03
6.946837881002103643e+01 2.246869651741470464e-02 1.152409095123225896e-01 9.582242543022996550e-02 2.256279384949845185e-09 9.790797239659831952e-01 2.579035899167554817e+03
6.946837881002103643e+01 2.246869651741470464e-02 1.152409095123225896e-01 9.582242543022996550e-02 2.256279384949845185e-09 9.790797239659831952e-01 2.579035899167554817e+03
6.923474398989631595e+01 2.249934666726037535e-02 1.159142112774983469e-01 1.045415173073961090e-01 2.298928529006294186e-09 9.765611751523588513e-01 2.578187955751018762e+03
6.909613883442234794e+01 2.248962377059765885e-02 1.162158095624566262e-01 9.912553937833012974e-02 2.277320384725495263e-09 9.757791915094234936e-01 2.578226575459720152e+03
6.911953695376786300e+01 2.247522175870466515e-02 1.160935931433609708e-01 9.251545196553499772e-02 2.249053269907816606e-09 9.749256762037518120e-01 2.579246545747900200e+03
6.911953695376786300e+01 2.247522175870466515e-02 1.160935931433609708e-01 9.251545196553499772e-02 2.249053269907816606e-09 9.749256762037518120e-01 2.579246545747900200e+03
6.910948701872074196e+01 2.247703436809360758e-02 1.162040928956589447e-01 9.750216368332667582e-02 2.271576331142924671e-09 9.742249633117550101e-01 2.579345682818508976e+03
6.910948701872074196e+01 2.247703436809360758e-02 1.162040928956589447e-01 9.750216368332667582e-02 2.271576331142924671e-09 9.742249633117550101e-01 2.579345682818508976e+03
6.897038463398681074e+01 2.244675741175235911e-02 1.165948960345542657e-01 7.729990956071552954e-02 2.187146541501858623e-09 9.726111596692068595e-01 2.582013475865262990e+03
6.905055533107028509e+01 2.243674707727546028e-02 1.162515920252858298e-01 6.640848121644760127e-02 2.139627598167588606e-09 9.742183206501692228e-01 2.584309584919003100e+03
6.934019807276253289e+01 2.240547531411381937e-02 1.153486069750766924e-01 8.680815324477166028e-02 2.220537089514138436e-09 9.761848898078595571e-01 2.581088945472351043e+03
6.931878060592954682e+01 2.243009419130331458e-02 1.153328358469856568e-01 8.291406072498166968e-02 2.204680307019598580e-09 9.760236289218842121e-01 2.582308060532451236e+03
6.931878060592954682e+01 2.243009419130331458e-02 1.153328358469856568e-01 8.291406072498166968e-02 2.204680307019598580e-09 9.760236289218842121e-01 2.582308060532451236e+03
6.925917677097727676e+01 2.242243715091190789e-02 1.157168707252268780e-01 8.963721913300658206e-02 2.232780159496286822e-09 9.752956860613938295e-01 2.579802029913432307e+03
6.929433879469262081e+01 2.248063458032389245e-02 1.157156082498114608e-01 9.784522073169406309e-02 2.269160082860108070e-09 9.759838892376222486e-01 2.578818862977551362e+03
6.929433879469262081e+01 2.248063458032389245e-02 1.157156082498114608e-01 9.784522073169406309e-02 2.269160082860108070e-09 9.759838892376222486e-01 2.578818862977551362e+03
6.929433879469262081e+01 2.248063458032389245e-02 1.157156082498114608e-01 9.784522073169406309e-02 2.269160082860108070e-09 9.759838892376222486e-01 2.578818862977551362e+03
6.925270609599284910e+01 2.248351312910567071e-02 1.158435224018262849e-01 9.705094398789544663e-02 2.266120334764861473e-09 9.768889628354460175e-01 2.578722904304129315e+03
6.910189588797398130e+01 2.245312433986325351e-02 1.162681234261542657e-01 7.922538767329240228e-02 2.191271065233941268e-09 9.742389265824643596e-01 2.580332422374132875e+03
6.895347930804280168e+01 2.247753841858997001e-02 1.167543472446962299e-01 9.354791049829849769e-02 2.253860084959785143e-09 9.739908587076461233e-01 2.579324059494281755e+03
6.931629943003832750e+01 2.244403540337756853e-02 1.156645660413983673e-01 8.872401962434744993e-02 2.229312264749609209e-09 9.758567813032752447e-01 2.580121183001697773e+03
6.931629943003832750e+01 2.244403540337756853e-02 1.156645660413983673e-01 8.872401962434744993e-02 2.229312264749609209e-09 9.758567813032752447e-01 2.580121183001697773e+03
6.931629943003832750e+01 2.244403540337756853e-02 1.156645660413983673e-01 8.872401962434744993e-02 2.229312264749609209e-09 9.758567813032752447e-01 2.580121183001697773e+03
6.929926617167889447e+01 2.245483036202206018e-02 1.159195062085043859e-01 9.750238873943251061e-02 2.268282075698921904e-09 9.756297455800270191e-01 2.580798678212421237e+03
6.929926617167889447e+01 2.245483036202206018e-02 1.159195062085043859e-01 9.750238873943251061e-02 2.268282075698921904e-09 9.756297455800270191e-01 2.580798678212421237e+03
6.919491672571119523e+01 2.246098492250860751e-02 1.161610970177395646e-01 1.037223150822040169e-01 2.297660554558760970e-09 9.741868276554107586e-01 2.581360887631595688e+03
6.958203357011782941e+01 2.247958598991569787e-02 1.150321304164039077e-01 1.135772454623840549e-01 2.334668441221865130e-09 9.779345101085331615e-01 2.579727421887612763e+03
6.958203357011782941e+01 2.247958598991569787e-02 1.150321304164039077e-01 1.135772454623840549e-01 2.334668441221865130e-09 9.779345101085331615e-01 2.579727421887612763e+03
6.958203357011782941e+01 2.247958598991569787e-02 1.150321304164039077e-01 1.135772454623840549e-01 2.334668441221865130e-09 9.779345101085331615e-01 2.579727421887612763e+03
6.958203357011782941e+01 2.247958598991569787e-02 1.150321304164039077e-01 1.135772454623840549e-01 2.334668441221865130e-09 9.779345101085331615e-01 2.579727421887612763e+03
6.958203357011782941e+01 2.247958598991569787e-02 1.150321304164039077e-01 1.135772454623840549e-01 2.334668441221865130e-09 9.779345101085331615e-01 2.579727421887612763e+03
6.961924434937158424e+01 2.244206680038709351e-02 1.148419957783277517e-01 1.056973509206463324e-01 2.298908747042316344e-09 9.780930004661204658e-01 2.579884004908825773e+03
6.986972527445287540e+01 2.243951974936522070e-02 1.141938769134552278e-01 1.105973367555253689e-01 2.314698891843116910e-09 9.811747431861699287e-01 2.579994524497536986e+03
6.986972527445287540e+01 2.243951974936522070e-02 1.141938769134552278e-01 1.105973367555253689e-01 2.314698891843116910e-09 9.811747431861699287e-01 2.579994524497536986e+03
