6.982878237174453773e+01 2.254683275440172441e-02 1.140568276674929493e-01 8.664148527826019686e-02 2.197129276945883266e-09 9.837795061199395841e-01 2.583145344913976260e+03
6.982878237174453773e+01 2.254683275440172441e-02 1.140568276674929493e-01 8.664148527826019686e-02 2.197129276945883266e-09 9.837795061199395841e-01 2.583145344913976260e+03
6.982878237174453773e+01 2.254683275440172441e-02 1.140568276674929493e-01 8.664148527826019686e-02 2.197129276945883266e-09 9.837795061199395841e-01 2.583145344913976260e+03
6.982878237174453773e+01 2.254683275440172441e-02 1.140568276674929493e-01 8.664148527826019686e-02 2.197129276945883266e-09 9.837795061199395841e-01 2.583145344913976260e+03
6.986174428336217090e+01 2.254863701915876470e-02 1.137603875532176012e-01 9.125624737913511086e-02 2.216389054864502505e-09 9.834223398687600426e-01 2.582703507490851280e+03
6.963989158031053250e+01 2.256458059674111213e-02 1.142823751414053374e-01 8.028413699737427245e-02 2.173716910533526846e-09 9.831552537129001346e-01 2.581460945786958291e+03
6.953097518119955112e+01 2.253672342221237773e-02 1.145470315321899940e-01 6.080526406594294331e-02 2.092730365748247670e-09 9.819261932057619102e-01 2.582033933142996830e+03
6.953097518119955112e+01 2.253672342221237773e-02 1.145470315321899940e-01 6.080526406594294331e-02 2.092730365748247670e-09 9.819261932057619102e-01 2.582033933142996830e+03
6.928214606148655719e+01 2.254187520941084225e-02 1.150486738158640609e-01 4.459997491834809258e-02 2.028025812427933321e-09 9.803258980322725469e-01 2.583963559102106956e+03
6.946556810900995060e+01 2.255067801139283915e-02 1.145380611156666673e-01 6.365623922305878313e-02 2.105035198024680002e-09 9.830864767023154149e-01 2.584196474096190286e+03
6.946556810900995060e+01 2.255067801139283915e-02 1.145380611156666673e-01 6.365623922305878313e-02 2.105035198024680002e-09 9.830864767023154149e-01 2.584196474096190286e+03
6.961113774510185692e+01 2.253535172526908298e-02 1.139135719458374135e-01 6.946443989353474902e-02 2.127352932605724936e-09 9.828052245959468802e-01 2.584792871526316048e+03
6.972493203981585452e+01 2.247045723290180125e-02 1.133930945009527791e-01 7.104719338272598439e-02 2.128484967982329560e-09 9.821548446259494858e-01 2.585755376590266678e+03
6.984179675253488995e+01 2.246904144478960655e-02 1.131958137999583142e-01 6.964097896533154308e-02 2.124254560189122880e-09 9.826620021315167763e-01 2.584587940446253924e+03
7.032127631066836670e+01 2.247202574481312401e-02 1.122584711169942739e-01 7.052323059835399754e-02 2.124080109399140805e-09 9.875713157946033327e-01 2.587698241705735654e+03
7.032127631066836670e+01 2.247202574481312401e-02 1.122584711169942739e-01 7.052323059835399754e-02 2.124080109399140805e-09 9.875713157946033327e-01 2.587698241705735654e+03
7.037566832901879366e+01 2.241884320544453371e-02 1.119611375488206856e-01 5.940343281275871357e-02 2.072525254016142419e-09 9.876291109104110566e-01 2.589353135924648541e+03
7.036599280383804000e+01 2.244604330494229597e-02 1.119887025095428063e-01 5.253462961720933161e-02 2.045047249957851878e-09 9.874585184652696634e-01 2.590233696695391245e+03
7.036599280383804000e+01 2.244604330494229597e-02 1.119887025095428063e-01 5.253462961720933161e-02 2.045047249957851878e-09 9.874585184652696634e-01 2.590233696695391245e+03
7.036599280383804000e+01 2.244604330494229597e-02 1.119887025095428063e-01 5.253462961720933161e-02 2.045047249957851878e-09 9.874585184652696634e-01 2.590233696695391245e+03
7.036599280383804000e+01 2.244604330494229597e-02 1.119887025095428063e-01 5.253462961720933161e-02 2.045047249957851878e-09 9.874585184652696634e-01 2.590233696695391245e+03
7.026200816149351169e+01 2.245695401147823275e-02 1.121817791470783032e-01 4.816171264086265003e-02 2.026382159134266042e-09 9.873607571013711670e-01 2.591624197417529558e+03
7.043245897090129404e+01 2.246241150280111135e-02 1.116786270025644651e-01 4.536998005949356011e-02 2.013710920327145829e-09 9.883455528186325667e-01 2.594032417586582596e+03
7.015589054656776113e+01 2.242834273814401855e-02 1.123553119194631439e-01 3.621813435152953370e-02 1.978161115830546643e-09 9.855021618788796234e-01 2.594135560266696302e+03
6.993903877991962759e+01 2.242696868517607411e-02 1.129949921349274050e-01 3.745674199808356197e-02 1.986363786053000879e-09 9.826889568667700470e-01 2.592948851940515397e+03
7.014523861539343841e+01 2.246423508916775905e-02 1.122506404387937778e-01 6.394879612036727390e-02 2.094165395345149255e-09 9.869976743289110566e-01 2.591419212447352947e+03
7.012023442706158960e+01 2.246383679796563546e-02 1.123887550509003186e-01 7.291484611256375536e-02 2.133218059308097997e-09 9.870160307935457178e-01 2.589672562883280534e+03
6.988378181852449700e+01 2.249183921947758499e-02 1.130913559077319358e-01 6.669613739395753582e-02 2.111113292187779538e-09 9.851753453804210636e-01 2.587743690176627297e+03
6.978096278588802193e+01 2.249845513565612229e-02 1.132482333273707731e-01 5.746405572163962999e-02 2.071381820910769878e-09 9.857036823556375449e-01 2.590607900604502447e+03
6.932103025133163499e+01 2.250447188241603419e-02 1.145359230898167074e-01 5.794708292850764969e-02 2.081582250323720913e-09 9.799104577660558979e-01 2.583903353042978779e+03
6.932103025133163499e+01 2.250447188241603419e-02 1.145359230898167074e-01 5.794708292850764969e-02 2.081582250323720913e-09 9.799104577660558979e-01 2.583903353042978779e+03
6.946722912147782836e+01 2.250800866198855374e-02 1.141840316362916358e-01 6.041564411390516753e-02 2.091806596081450419e-09 9.796154643124824757e-01 2.583702030389348693e+03
6.937294213018323319e+01 2.253267791000078402e-02 1.145460051852498079e-01 6.046273062466687304e-02 2.094839588551692577e-09 9.797849111118224208e-01 2.583341428102440204e+03
6.932173213086959151e+01 2.250486944427311856e-02 1.146096122219814467e-01 5.648366452163088025e-02 2.078214834814925920e-09 9.783114561599023373e-01 2.582801474773815244e+03
6.932173213086959151e+01 2.250486944427311856e-02 1.146096122219814467e-01 5.648366452163088025e-02 2.078214834814925920e-09 9.783114561599023373e-01 2.582801474773815244e+03
6.932173213086959151e+01 2.250486944427311856e-02 1.146096122219814467e-01 5.648366452163088025e-02 2.078214834814925920e-09 9.783114561599023373e-01 2.582801474773815244e+03
6.931845700352809558e+01 2.247577229536321108e-02 1.146330215005109537e-01 5.360500499531255236e-02 2.066011243093427732e-09 9.763854508066255322e-01 2.583584006586484065e+03
6.931845700352809558e+01 2.247577229536321108e-02 1.146330215005109537e-01 5.360500499531255236e-02 2.066011243093427732e-09 9.763854508066255322e-01 2.583584006586484065e+03
6.931845700352809558e+01 2.247577229536321108e-02 1.146330215005109537e-01 5.360500499531255236e-02 2.066011243093427732e-09 9.763854508066255322e-01 2.583584006586484065e+03
6.931845700352809558e+01 2.247577229536321108e-02 1.146330215005109537e-01 5.360500499531255236e-02 2.066011243093427732e-09 9.763854508066255322e-01 2.583584006586484065e+03
6.924977790830526203e+01 2.248601879071707860e-02 1.149282083730828879e-01 5.924324237633726842e-02 2.093567702284617772e-09 9.749122613585113895e-01 2.581932684760038683e+03
6.924977790830526203e+01 2.248601879071707860e-02 1.149282083730828879e-01 5.924324237633726842e-02 2.093567702284617772e-09 9.749122613585113895e-01 2.581932684760038683e+03
6.949438294341925371e+01 2.249991102483371586e-02 1.143058498163054271e-01 7.176486543406623841e-02 2.144398243504930287e-09 9.758482219886478459e-01 2.582210649657995873e+03
6.957687936363784331e+01 2.249852950312552016e-02 1.141622284515706881e-01 6.707359120028281996e-02 2.123116384762762461e-09 9.770600141028129570e-01 2.581873963055590139e+03
6.957687936363784331e+01 2.249852950312552016e-02 1.141622284515706881e-01 6.707359120028281996e-02 2.123116384762762461e-09 9.770600141028129570e-01 2.581873963055590139e+03
6.956996138845866540e+01 2.250706384173762134e-02 1.141715329307202431e-01 7.601574162289639891e-02 2.160461001913124115e-09 9.774415745919837750e-01 2.581113501582495701e+03
6.956996138845866540e+01 2.250706384173762134e-02 1.141715329307202431e-01 7.601574162289639891e-02 2.160461001913124115e-09 9.774415745919837750e-01 2.581113501582495701e+03
6.961907985197051119e+01 2.250750687058809818e-02 1.139285338604881237e-01 6.606953995659693712e-02 2.118594287850859972e-09 9.779963446069255273e-01 2.583245884048945300e+03
6.948858426688140355e+01 2.248561506689207914e-02 1.144028805028727419e-01 5.699827271761676722e-02 2.083810492858144323e-09 9.740071646327492783e-01 2.584877277677847360e+03
6.948858426688140355e+01 2.248561506689207914e-02 1.144028805028727419e-01 5.699827271761676722e-02 2.083810492858144323e-09 9.740071646327492783e-01 2.584877277677847360e+03
6.943037935380252179e+01 2.250704881055086426e-02 1.144169335056361841e-01 5.347363616250865731e-02 2.066138207157459327e-09 9.754004150978498044e-01 2.584788912529128993e+03
6.943037935380252179e+01 2.250704881055086426e-02 1.144169335056361841e-01 5.347363616250865731e-02 2.066138207157459327e-09 9.754004150978498044e-01 2.584788912529128993e+03
6.929106512525758887e+01 2.251849859632389095e-02 1.147719774013020444e-01 4.020853217521978828e-02 2.012318052090172636e-09 9.744215932527594548e-01 2.587594719732591329e+03
6.929106512525758887e+01 2.251849859632389095e-02 1.147719774013020444e-01 4.020853217521978828e-02 2.012318052090172636e-09 9.744215932527594548e-01 2.587594719732591329e+03
6.929106512525758887e+01 2.251849859632389095e-02 1.147719774013020444e-01 4.020853217521978828e-02 2.012318052090172636e-09 9.744215932527594548e-01 2.587594719732591329e+03
6.940479922118321099e+01 2.253339473607983076e-02 1.146387107377470488e-01 3.146931256200141691e-02 1.975993135139178850e-09 9.758963435973051492e-01 2.588053399597926727e+03
6.940479922118321099e+01 2.253339473607983076e-02 1.146387107377470488e-01 3.146931256200141691e-02 1.975993135139178850e-09 9.758963435973051492e-01 2.588053399597926727e+03
6.940479922118321099e+01 2.253339473607983076e-02 1.146387107377470488e-01 3.146931256200141691e-02 1.975993135139178850e-09 9.758963435973051492e-01 2.588053399597926727e+03
6.940479922118321099e+01 2.253339473607983076e-02 1.146387107377470488e-01 3.146931256200141691e-02 1.975993135139178850e-09 9.758963435973051492e-01 2.588053399597926727e+03
6.940479922118321099e+01 2.253339473607983076e-02 1.146387107377470488e-01 3.146931256200141691e-02 1.975993135139178850e-09 9.758963435973051492e-01 2.588053399597926727e+03
6.913073962027510788e+01 2.257174927002618750e-02 1.152191573995272611e-01 4.563062312009103644e-02 2.037750759433010697e-09 9.745633440088561361e-01 2.584623667943885266e+03
6.913073962027510788e+01 2.257174927002618750e-02 1.152191573995272611e-01 4.563062312009103644e-02 2.037750759433010697e-09 9.745633440088561361e-01 2.584623667943885266e+03
6.934510682559721317e+01 2.255326148299226924e-02 1.147199187484189004e-01 4.755611796073610370e-02 2.044285801126395916e-09 9.751629867762900972e-01 2.584449076263271763e+03
6.948200140507832145e+01 2.256323052244461544e-02 1.145796348698698425e-01 5.602491592221808814e-02 2.079358004464812746e-09 9.775065054255333008e-01 2.581953679583099074e+03
6.949088799887044843e+01 2.257760607953391424e-02 1.145843638732038788e-01 5.521068457879771407e-02 2.076976201550269671e-09 9.776222669077699878e-01 2.582604782910341328e+03
6.952949349870856111e+01 2.257124724698967785e-02 1.144293513583780481e-01 6.047091289161211219e-02 2.098157615778455896e-09 9.778280572146752503e-01 2.582541111963504591e+03
6.952949349870856111e+01 2.257124724698967785e-02 1.144293513583780481e-01 6.047091289161211219e-02 2.098157615778455896e-09 9.778280572146752503e-01 2.582541111963504591e+03
6.952949349870856111e+01 2.257124724698967785e-02 1.144293513583780481e-01 6.047091289161211219e-02 2.098157615778455896e-09 9.778280572146752503e-01 2.582541111963504591e+03
6.959196562448967427e+01 2.256360716383587137e-02 1.141848145764271655e-01 7.040505492313599289e-02 2.138328158615442002e-09 9.788818756344516148e-01 2.582475519373989755e+03
6.958667651485997396e+01 2.258087611688158400e-02 1.142818746462602314e-01 7.558523760243879286e-02 2.160783332322922308e-09 9.797521371159415571e-01 2.582276846292922528e+03
6.919550257146424599e+01 2.258252510196247578e-02 1.152218000293984412e-01 6.805225464629645338e-02 2.132351546499574784e-09 9.759290910445026501e-01 2.580826811856675249e+03
6.925635520305776538e+01 2.254480082480825320e-02 1.150035649294622458e-01 7.765996381502494883e-02 2.169626656242535473e-09 9.761189041156671520e-01 2.580700506638091156e+03
6.927693373190298587e+01 2.253622976579385331e-02 1.148838975223295811e-01 7.948970244186326362e-02 2.175283994340702797e-09 9.766100111407415296e-01 2.581698108241906084e+03
6.939286974856879908e+01 2.253067412843018716e-02 1.145456719796337230e-01 9.281692543295082254e-02 2.229074603418877528e-09 9.778251423388328867e-01 2.583974710643848539e+03
6.944639861375655698e+01 2.253858038104006312e-02 1.145415914827452170e-01 8.925150185339709996e-02 2.214437113738676669e-09 9.785627293898563339e-01 2.581677198786973349e+03
6.938838395733444031e+01 2.251857646399304386e-02 1.146311648778923359e-01 8.198287526655909097e-02 2.182851618440755802e-09 9.791135169263293081e-01 2.581325055716152747e+03
6.949062811321900313e+01 2.251794517829062980e-02 1.143883817162885119e-01 7.678194352552893120e-02 2.160862305038463642e-09 9.791313487945118021e-01 2.580925073315161626e+03
6.928773458890088932e+01 2.253637003706969108e-02 1.149705310708446643e-01 5.935942083199908376e-02 2.090098325460932265e-09 9.774863954780989017e-01 2.581905388635361305e+03
6.910640535219762626e+01 2.252881289181690727e-02 1.154756577463625228e-01 6.707737460463042423e-02 2.125453185702229561e-09 9.742359054040946598e-01 2.583108186483023928e+03
6.904419169559497504e+01 2.251590327038148140e-02 1.157030030996455405e-01 5.262982744827474080e-02 2.068300427043969615e-09 9.717239008895529606e-01 2.586049277728116977e+03
6.902116980873393004e+01 2.253092406912253140e-02 1.158875877687313566e-01 4.515735743528891816e-02 2.038425700779463288e-09 9.715940677906739209e-01 2.586859875150787957e+03
6.902116980873393004e+01 2.253092406912253140e-02 1.158875877687313566e-01 4.515735743528891816e-02 2.038425700779463288e-09 9.715940677906739209e-01 2.586859875150787957e+03
6.902116980873393004e+01 2.253092406912253140e-02 1.158875877687313566e-01 4.515735743528891816e-02 2.038425700779463288e-09 9.715940677906739209e-01 2.586859875150787957e+03
6.902116980873393004e+01 2.253092406912253140e-02 1.158875877687313566e-01 4.515735743528891816e-02 2.038425700779463288e-09 9.715940677906739209e-01 2.586859875150787957e+03
6.902116980873393004e+01 2.253092406912253140e-02 1.158875877687313566e-01 4.515735743528891816e-02 2.038425700779463288e-09 9.715940677906739209e-01 2.586859875150787957e+03
6.901707252586400898e+01 2.253755179136996550e-02 1.158020675239116448e-01 4.124328223108093827e-02 2.022126460171251072e-09 9.708446680873015211e-01 2.589392274761824410e+03
6.943038838825825110e+01 2.253612048836398096e-02 1.146481576932061597e-01 4.345486278468688873e-02 2.026707735884413928e-09 9.737269282413972826e-01 2.587481451672841104e+03
6.943038838825825110e+01 2.253612048836398096e-02 1.146481576932061597e-01 4.345486278468688873e-02 2.026707735884413928e-09 9.737269282413972826e-01 2.587481451672841104e+03
6.943038838825825110e+01 2.253612048836398096e-02 1.146481576932061597e-01 4.345486278468688873e-02 2.026707735884413928e-09 9.737269282413972826e-01 2.587481451672841104e+03
6.939403094257535543e+01 2.253504799906997508e-02 1.147080001350426898e-01 6.057435833446089823e-02 2.096074501260108300e-09 9.761052298077604883e-01 2.582393735455177193e+03
6.928381673728694068e+01 2.256150701871542652e-02 1.150920336451209253e-01 6.553864112020670041e-02 2.117337199603269276e-09 9.763955294652264527e-01 2.581524383908390973e+03
6.955755293589376720e+01 2.257378703335522277e-02 1.144930503405458683e-01 8.423480807930706915e-02 2.196434942552723331e-09 9.790504469254561748e-01 2.579184587253778318e+03
6.977504405636518925e+01 2.257806745350091765e-02 1.141768297508837654e-01 1.030265437195343331e-01 2.276224823552525447e-09 9.804386962304251218e-01 2.579215467721609002e+03
6.977504405636518925e+01 2.257806745350091765e-02 1.141768297508837654e-01 1.030265437195343331e-01 2.276224823552525447e-09 9.804386962304251218e-01 2.579215467721609002e+03
6.977504405636518925e+01 2.257806745350091765e-02 1.141768297508837654e-01 1.030265437195343331e-01 2.276224823552525447e-09 9.804386962304251218e-01 2.579215467721609002e+03
6.977504405636518925e+01 2.257806745350091765e-02 1.141768297508837654e-01 1.030265437195343331e-01 2.276224823552525447e-09 9.804386962304251218e-01 2.579215467721609002e+03
6.938853726621759677e+01 2.258545050323490858e-02 1.149554981435022410e-01 8.341438027058095672e-02 2.196479576568566587e-09 9.769861070012669790e-01 2.578936709012511983e+03
6.967021338589452739e+01 2.257923859143392414e-02 1.143372051840488568e-01 9.126192193113952245e-02 2.227053815763445740e-09 9.797806799494545027e-01 2.578641143585794453e+03
6.969324170383067951e+01 2.252202670121736250e-02 1.142374665085596486e-01 6.989600769772234823e-02 2.136889015504140017e-09 9.788008890928496797e-01 2.580270953325567461e+03
6.969324170383067951e+01 2.252202670121736250e-02 1.142374665085596486e-01 6.989600769772234823e-02 2.136889015504140017e-09 9.788008890928496797e-01 2.580270953325567461e+03
6.989684738608193015e+01 2.250135734304768362e-02 1.134092217249009632e-01 6.253029234217265253e-02 2.100239518010303590e-09 9.808088225183398956e-01 2.583302440473917613e+03
6.976513241828622824e+01 2.249370971407617728e-02 1.138006055946148010e-01 5.523958680345524008e-02 2.071993863809875436e-09 9.792566881145700064e-01 2.582826114837526347e+03
6.988533182125129883e+01 2.246172443418356299e-02 1.135379822751640122e-01 5.819871359705187930e-02 2.081824236125586948e-09 9.790704852117807500e-01 2.583423438704793625e+03
6.988533182125129883e+01 2.246172443418356299e-02 1.135379822751640122e-01 5.819871359705187930e-02 2.081824236125586948e-09 9.790704852117807500e-01 2.583423438704793625e+03
6.988533182125129883e+01 2.246172443418356299e-02 1.135379822751640122e-01 5.819871359705187930e-02 2.081824236125586948e-09 9.790704852117807500e-01 2.583423438704793625e+03
6.992261769628009915e+01 2.249083400230141375e-02 1.136483631927691085e-01 4.988602353225296548e-02 2.049570842712367006e-09 9.795888386842178663e-01 2.583488142496336877e+03
6.981174407655073821e+01 2.249945359951709828e-02 1.140214125874741552e-01 5.001037675065831550e-02 2.051904480750015434e-09 9.786615295029864603e-01 2.582789021097838940e+03
6.981174407655073821e+01 2.249945359951709828e-02 1.140214125874741552e-01 5.001037675065831550e-02 2.051904480750015434e-09 9.786615295029864603e-01 2.582789021097838940e+03
6.981327540810266896e+01 2.253431060635814262e-02 1.140380951480944455e-01 6.728451744030890247e-02 2.124862394166853409e-09 9.788612447863709320e-01 2.580771640803303399e+03
6.968566099027408711e+01 2.252985096198500958e-02 1.143881169703134387e-01 6.946216197155248573e-02 2.136726167671543674e-09 9.775453767625410517e-01 2.580312423567929272e+03
6.968566099027408711e+01 2.252985096198500958e-02 1.143881169703134387e-01 6.946216197155248573e-02 2.136726167671543674e-09 9.775453767625410517e-01 2.580312423567929272e+03
6.982713566729198362e+01 2.250387288291201202e-02 1.140455091698273221e-01 7.930574419707808742e-02 2.176309245015078419e-09 9.781546118870830808e-01 2.580295351428999766e+03
6.982972102357486222e+01 2.254710533433839856e-02 1.142805161734223168e-01 9.985002830126223083e-02 2.264593199458174489e-09 9.791803935780728496e-01 2.579739122213267365e+03
6.960351740082072070e+01 2.258057390071570303e-02 1.149089028454756828e-01 9.813659685584044667e-02 2.259846252911285173e-09 9.789831978328854545e-01 2.578384468938589634e+03
6.960351740082072070e+01 2.258057390071570303e-02 1.149089028454756828e-01 9.813659685584044667e-02 2.259846252911285173e-09 9.789831978328854545e-01 2.578384468938589634e+03
6.924826774797487872e+01 2.257174894770070175e-02 1.158194349281426866e-01 6.780134915628258097e-02 2.137141047022127304e-09 9.753807480336450508e-01 2.578916398675017717e+03
6.909605755204216848e+01 2.257642731899441382e-02 1.164338678772463553e-01 7.435049793998113610e-02 2.167333837891275438e-09 9.741274638888726134e-01 2.579141996711657157e+03
6.908381054465486670e+01 2.257147340741815986e-02 1.165356753265419931e-01 6.739204374705272393e-02 2.138115276470894011e-09 9.737734709883830719e-01 2.580197590253441376e+03
6.908381054465486670e+01 2.257147340741815986e-02 1.165356753265419931e-01 6.739204374705272393e-02 2.138115276470894011e-09 9.737734709883830719e-01 2.580197590253441376e+03
6.912577474379598641e+01 2.259486469560394173e-02 1.165276715697360910e-01 7.514761968207786524e-02 2.170142678249986980e-09 9.745429615858756112e-01 2.580107074873902093e+03
6.911706796539642994e+01 2.259899001877065453e-02 1.162103934876369815e-01 6.718833728328729715e-02 2.134910542198091391e-09 9.745755066359534924e-01 2.578846375191090829e+03
6.911706796539642994e+01 2.259899001877065453e-02 1.162103934876369815e-01 6.718833728328729715e-02 2.134910542198091391e-09 9.745755066359534924e-01 2.578846375191090829e+03
6.940913227848913891e+01 2.258959237857046873e-02 1.152948699657760090e-01 7.393832929347732286e-02 2.158691723019024700e-09 9.775101822642484617e-01 2.578401579182185742e+03
6.922749737824561578e+01 2.257829839590027796e-02 1.158020371636032664e-01 6.890431207200932440e-02 2.139687739163226930e-09 9.757804080125265234e-01 2.578464752352302639e+03
6.908412473117735431e+01 2.260380444762892516e-02 1.161332445915584238e-01 7.149569736375989415e-02 2.153014577327424444e-09 9.748125410328352114e-01 2.578261669095545585e+03
6.912264248420100898e+01 2.257911436885798317e-02 1.159507025704786115e-01 7.131252324830916756e-02 2.151237227578784417e-09 9.744435169637568617e-01 2.578443808453790552e+03
6.912264248420100898e+01 2.257911436885798317e-02 1.159507025704786115e-01 7.131252324830916756e-02 2.151237227578784417e-09 9.744435169637568617e-01 2.578443808453790552e+03
6.906251060995825242e+01 2.264512958129663925e-02 1.163831094219364148e-01 7.269670548307982649e-02 2.160762358690997082e-09 9.762019317174970290e-01 2.579556402920098662e+03
6.902404916862529660e+01 2.264337139442356914e-02 1.164466890525591852e-01 8.716814183306510755e-02 2.220431211354242900e-09 9.771610316543614116e-01 2.578244310984983258e+03
6.890872115221601746e+01 2.263854022161254989e-02 1.168489357155072378e-01 8.753104545067977305e-02 2.223396713994293899e-09 9.762945267873714972e-01 2.578348876539352659e+03
6.890872115221601746e+01 2.263854022161254989e-02 1.168489357155072378e-01 8.753104545067977305e-02 2.223396713994293899e-09 9.762945267873714972e-01 2.578348876539352659e+03
6.890872115221601746e+01 2.263854022161254989e-02 1.168489357155072378e-01 8.753104545067977305e-02 2.223396713994293899e-09 9.762945267873714972e-01 2.578348876539352659e+03
6.890872115221601746e+01 2.263854022161254989e-02 1.168489357155072378e-01 8.753104545067977305e-02 2.223396713994293899e-09 9.762945267873714972e-01 2.578348876539352659e+03
6.885664353889966094e+01 2.263265902596362303e-02 1.168638906597289362e-01 7.706190447912558694e-02 2.179999266910835039e-09 9.754727027144404206e-01 2.578393394367294604e+03
6.878372500243831666e+01 2.267986701298479665e-02 1.171602571717800523e-01 7.117325770212300229e-02 2.158780821391656724e-09 9.752337205858079283e-01 2.581499652533275366e+03
6.879808541196284466e+01 2.266774461412512584e-02 1.173872320802286928e-01 7.591897798042789025e-02 2.180626563365210744e-09 9.740014639362842841e-01 2.579995160124452923e+03
6.880785741348867646e+01 2.266421421437603279e-02 1.173843110366015324e-01 7.300634316177673222e-02 2.169087914922557614e-09 9.739447690310973904e-01 2.580768507984279495e+03
6.892358105982077632e+01 2.266729906043466608e-02 1.172209508719377347e-01 6.208117750243476174e-02 2.123051587794103978e-09 9.748323581857168962e-01 2.583669924020175131e+03
6.897158397524741247e+01 2.263869747708202596e-02 1.169799599206738233e-01 7.824498996747455970e-02 2.189219078921884275e-09 9.740025632674016443e-01 2.579663447560448731e+03
6.897158397524741247e+01 2.263869747708202596e-02 1.169799599206738233e-01 7.824498996747455970e-02 2.189219078921884275e-09 9.740025632674016443e-01 2.579663447560448731e+03
6.918384452292060871e+01 2.264451627326578842e-02 1.163733759779766730e-01 7.838557091457964976e-02 2.185722366547800371e-09 9.778207612163828388e-01 2.580911702229741422e+03
6.923578175682769142e+01 2.263523343162459137e-02 1.160831129524879657e-01 7.830111977700035530e-02 2.182900683750031692e-09 9.777227451709135098e-01 2.579419810095759658e+03
6.890996340201475334e+01 2.262438033615347607e-02 1.167652384602320542e-01 7.837361746195527223e-02 2.186726493283226504e-09 9.740717496917690177e-01 2.578096362244411466e+03
6.895051954196011934e+01 2.263307483294307171e-02 1.166429709104191970e-01 7.932520056821387722e-02 2.190366799294415319e-09 9.745189286504009063e-01 2.578187898065356421e+03
6.895051954196011934e+01 2.263307483294307171e-02 1.166429709104191970e-01 7.932520056821387722e-02 2.190366799294415319e-09 9.745189286504009063e-01 2.578187898065356421e+03
6.891022866471109865e+01 2.262616784479752272e-02 1.167144420022750290e-01 8.385358640320011991e-02 2.207659983113711021e-09 9.751291634436616285e-01 2.577823176186645469e+03
6.887193647100282590e+01 2.260087626613095299e-02 1.168136956507492968e-01 7.663158926678559357e-02 2.178274334262576903e-09 9.736798655212395293e-01 2.577968459282562435e+03
6.887193647100282590e+01 2.260087626613095299e-02 1.168136956507492968e-01 7.663158926678559357e-02 2.178274334262576903e-09 9.736798655212395293e-01 2.577968459282562435e+03
6.887193647100282590e+01 2.260087626613095299e-02 1.168136956507492968e-01 7.663158926678559357e-02 2.178274334262576903e-09 9.736798655212395293e-01 2.577968459282562435e+03
6.864689228851119651e+01 2.259790109730415442e-02 1.173455335104426761e-01 6.422855829852297527e-02 2.128642643082733374e-09 9.715392535694764575e-01 2.578936878725942279e+03
6.884734145313142051e+01 2.252293384127054127e-02 1.166484970486126177e-01 5.615617608962768237e-02 2.090539030997124995e-09 9.708641287791108798e-01 2.581936686738226854e+03
6.884734145313142051e+01 2.252293384127054127e-02 1.166484970486126177e-01 5.615617608962768237e-02 2.090539030997124995e-09 9.708641287791108798e-01 2.581936686738226854e+03
6.897564936660785406e+01 2.254002073129400194e-02 1.163354065754282490e-01 6.936858383708034703e-02 2.142936450236510532e-09 9.732883290462673864e-01 2.579593060091756342e+03
6.897564936660785406e+01 2.254002073129400194e-02 1.163354065754282490e-01 6.936858383708034703e-02 2.142936450236510532e-09 9.732883290462673864e-01 2.579593060091756342e+03
6.905386732446366693e+01 2.254989758457806234e-02 1.158137323133268948e-01 7.641529388199462536e-02 2.168551431069078709e-09 9.763811685618244418e-01 2.578224121533912694e+03
6.905386732446366693e+01 2.254989758457806234e-02 1.158137323133268948e-01 7.641529388199462536e-02 2.168551431069078709e-09 9.763811685618244418e-01 2.578224121533912694e+03
6.895744544232951512e+01 2.253080514895601863e-02 1.160762699774230966e-01 8.076285908666260005e-02 2.190157241494258683e-09 9.731493578790917365e-01 2.579493152918581927e+03
6.879870537198019065e+01 2.254586561784847551e-02 1.165524591238555618e-01 5.632862903626274093e-02 2.089586414555963112e-09 9.731969536823904532e-01 2.579153670328049429e+03
6.906619293505535495e+01 2.256947514715073808e-02 1.161493225288662556e-01 5.589822445248721766e-02 2.090468100741699286e-09 9.740327975565346019e-01 2.580370900701547725e+03
6.878585360831365847e+01 2.259757730785024593e-02 1.168409352110700988e-01 4.463732016549343262e-02 2.048653419201044741e-09 9.721476160731971072e-01 2.582393583976353511e+03
6.878585360831365847e+01 2.259757730785024593e-02 1.168409352110700988e-01 4.463732016549343262e-02 2.048653419201044741e-09 9.721476160731971072e-01 2.582393583976353511e+03
6.870027604955924971e+01 2.260273978603337397e-02 1.170545275123826418e-01 5.697681713654077773e-02 2.102672015973158262e-09 9.718113764820728306e-01 2.583497764131813710e+03
6.824653985268452061e+01 2.261082336233467827e-02 1.180402059705600859e-01 5.552123457864499567e-02 2.099894565001925512e-09 9.684562112678755108e-01 2.582352296103994377e+03
6.820010643066692069e+01 2.262096202410383144e-02 1.183123398397427917e-01 5.609673200093834994e-02 2.101979710767001532e-09 9.692248934432996510e-01 2.581042488997932196e+03
6.820010643066692069e+01 2.262096202410383144e-02 1.183123398397427917e-01 5.609673200093834994e-02 2.101979710767001532e-09 9.692248934432996510e-01 2.581042488997932196e+03
6.864874511110296851e+01 2.259167096017952042e-02 1.170916468665873927e-01 5.592475203285607321e-02 2.096323993185054652e-09 9.718645773846208424e-01 2.581382650333011497e+03
6.869424810033363826e+01 2.255738151543935574e-02 1.171072947970883960e-01 7.064992068181701057e-02 2.157166343064978936e-09 9.712302182342598122e-01 2.578657890610331378e+03
6.887052803710919591e+01 2.256013090358945788e-02 1.165517648455701855e-01 6.928406019713535813e-02 2.149068144250350832e-09 9.735245004787932421e-01 2.579250761972605687e+03
6.877064342036597111e+01 2.256549456523217201e-02 1.166540331778223444e-01 5.956824032455249746e-02 2.109239221031199217e-09 9.718960635761856315e-01 2.580761730492895822e+03
6.860133249328335125e+01 2.256523909805366671e-02 1.170004428275625563e-01 6.673051831620446794e-02 2.139663890250669011e-09 9.704045208009287604e-01 2.579688922859476406e+03
6.860133249328335125e+01 2.256523909805366671e-02 1.170004428275625563e-01 6.673051831620446794e-02 2.139663890250669011e-09 9.704045208009287604e-01 2.579688922859476406e+03
6.841120200700216003e+01 2.258143353774449968e-02 1.177038035831646234e-01 5.945095679840671499e-02 2.114797934159654167e-09 9.681662372593449195e-01 2.581262880042437700e+03
6.879745758534870959e+01 2.258706287440786706e-02 1.167787677500815163e-01 5.708954088311184172e-02 2.101289782478944223e-09 9.708950466076468055e-01 2.582074493629709650e+03
6.905679329881013473e+01 2.260557749050618251e-02 1.161194770701517165e-01 6.592298961048818906e-02 2.135816508976635449e-09 9.735311944273189466e-01 2.583257842439383239e+03
6.905679329881013473e+01 2.260557749050618251e-02 1.161194770701517165e-01 6.592298961048818906e-02 2.135816508976635449e-09 9.735311944273189466e-01 2.583257842439383239e+03
6.907643524140881652e+01 2.260295544323476236e-02 1.163351115112589707e-01 7.686127479832588483e-02 2.183256059798284141e-09 9.729519476892694030e-01 2.580746535884843524e+03
6.907643524140881652e+01 2.260295544323476236e-02 1.163351115112589707e-01 7.686127479832588483e-02 2.183256059798284141e-09 9.729519476892694030e-01 2.580746535884843524e+03
6.927164412859255549e+01 2.261078979316679879e-02 1.158559097543803984e-01 1.032194511807821014e-01 2.290863094915748678e-09 9.752300456894343883e-01 2.578557261368323452e+03
6.944824998975722963e+01 2.263920604053369645e-02 1.154822152846988054e-01 1.023615600291630096e-01 2.286889355890552026e-09 9.773463347479069974e-01 2.578142822561206231e+03
6.944824998975722963e+01 2.263920604053369645e-02 1.154822152846988054e-01 1.023615600291630096e-01 2.286889355890552026e-09 9.773463347479069974e-01 2.578142822561206231e+03
6.965890058436993115e+01 2.263097216813376653e-02 1.149681417994025123e-01 1.099663097039493276e-01 2.316817952990934586e-09 9.789829431758882983e-01 2.578187252830209673e+03
6.966289529956200965e+01 2.260404221393974566e-02 1.149196811714479211e-01 1.036496250622986753e-01 2.288281100224537992e-09 9.774850593697820278e-01 2.578772952054498091e+03
6.966289529956200965e+01 2.260404221393974566e-02 1.149196811714479211e-01 1.036496250622986753e-01 2.288281100224537992e-09 9.774850593697820278e-01 2.578772952054498091e+03
6.972049298976810405e+01 2.261280669476742680e-02 1.148635819895778287e-01 1.094145952395439714e-01 2.312193490704151239e-09 9.782237088474362574e-01 2.579753643407652817e+03
6.984844309808673302e+01 2.263540420765415562e-02 1.145510669761346106e-01 1.141188710945345991e-01 2.329779468556560432e-09 9.807676229281998559e-01 2.579692712330730956e+03
6.987807321728743659e+01 2.263459164933410983e-02 1.141562619047791632e-01 1.119258395462768840e-01 2.318596587597574002e-09 9.826892120618200277e-01 2.578972688475812902e+03
6.962141616031682645e+01 2.264443894966330917e-02 1.149612845819696361e-01 1.138270254962999023e-01 2.329437671195498428e-09 9.810530721303847290e-01 2.579165658324432115e+03
6.962141616031682645e+01 2.264443894966330917e-02 1.149612845819696361e-01 1.138270254962999023e-01 2.329437671195498428e-09 9.810530721303847290e-01 2.579165658324432115e+03
6.970677556155823140e+01 2.264973475553704041e-02 1.148559745719730241e-01 1.106651685654926193e-01 2.315356439585776092e-09 9.818231447036744886e-01 2.579008238937043643e+03
6.977485299665116258e+01 2.260655238820402646e-02 1.147434505066608629e-01 1.047107335111791132e-01 2.288773485544033237e-09 9.798927060173548975e-01 2.579338751606903770e+03
6.949895398424813209e+01 2.261640097555652276e-02 1.154236923042950419e-01 8.260733755450519467e-02 2.196917356714978885e-09 9.798242323032925194e-01 2.579309090771533192e+03
6.961432661966678381e+01 2.261498696785922691e-02 1.149910393605936831e-01 9.681746711653814452e-02 2.255204105319237344e-09 9.801767834229786480e-01 2.578056394524297957e+03
6.961432661966678381e+01 2.261498696785922691e-02 1.149910393605936831e-01 9.681746711653814452e-02 2.255204105319237344e-09 9.801767834229786480e-01 2.578056394524297957e+03
6.919091680574055658e+01 2.267181774834513275e-02 1.160863769925690875e-01 9.149960927846134684e-02 2.239485091907105779e-09 9.779922874282457324e-01 2.578991862528082493e+03
6.919091680574055658e+01 2.267181774834513275e-02 1.160863769925690875e-01 9.149960927846134684e-02 2.239485091907105779e-09 9.779922874282457324e-01 2.578991862528082493e+03
6.891370716111777028e+01 2.268566018703195228e-02 1.167978673086320363e-01 8.582736494513948378e-02 2.218715164995274147e-09 9.759366391393409224e-01 2.579370311224080069e+03
6.891370716111777028e+01 2.268566018703195228e-02 1.167978673086320363e-01 8.582736494513948378e-02 2.218715164995274147e-09 9.759366391393409224e-01 2.579370311224080069e+03
6.927437405559668093e+01 2.268951620648334069e-02 1.157842130221652943e-01 1.018776197480428108e-01 2.281330467595682757e-09 9.791613740328558579e-01 2.579074555952533046e+03
6.927437405559668093e+01 2.268951620648334069e-02 1.157842130221652943e-01 1.018776197480428108e-01 2.281330467595682757e-09 9.791613740328558579e-01 2.579074555952533046e+03
6.927437405559668093e+01 2.268951620648334069e-02 1.157842130221652943e-01 1.018776197480428108e-01 2.281330467595682757e-09 9.791613740328558579e-01 2.579074555952533046e+03
