6.982878237174453773e+01 2.254683275440172441e-02 1.140568276674929493e-01 8.664148527826019686e-02 2.197129276945883266e-09 9.837795061199395841e-01 2.583145344913976260e+03
6.982878237174453773e+01 2.254683275440172441e-02 1.140568276674929493e-01 8.664148527826019686e-02 2.197129276945883266e-09 9.837795061199395841e-01 2.583145344913976260e+03
6.974329259819565152e+01 2.253080437176438813e-02 1.142832335512523334e-01 8.128237766189201630e-02 2.174586179481324231e-09 9.828006621890221783e-01 2.584176058551034657e+03
6.974329259819565152e+01 2.253080437176438813e-02 1.142832335512523334e-01 8.128237766189201630e-02 2.174586179481324231e-09 9.828006621890221783e-01 2.584176058551034657e+03
6.993076390697076761e+01 2.254165226645146736e-02 1.137379021241124444e-01 7.574884567298553750e-02 2.148964728863595875e-09 9.850862095029925269e-01 2.583612487424186384e+03
6.991263649573988914e+01 2.254761118980926418e-02 1.136793636371666444e-01 7.012922975629241884e-02 2.127806580658436990e-09 9.839445393905855708e-01 2.582233734614908371e+03
6.970619155909371045e+01 2.257928945890788977e-02 1.142831355711987351e-01 7.160251153781245492e-02 2.137217274603553579e-09 9.827185271983067683e-01 2.581340051185772609e+03
6.986389109540813536e+01 2.261291870139945162e-02 1.140773598541678646e-01 8.419227357992159488e-02 2.189657849153146346e-09 9.851169054927939595e-01 2.582170854821978537e+03
6.988217645156204583e+01 2.259824285072853725e-02 1.140086956928592493e-01 6.363366636603691451e-02 2.105502938137875494e-09 9.831623325731517760e-01 2.582242397435641578e+03
6.988217645156204583e+01 2.259824285072853725e-02 1.140086956928592493e-01 6.363366636603691451e-02 2.105502938137875494e-09 9.831623325731517760e-01 2.582242397435641578e+03
6.988217645156204583e+01 2.259824285072853725e-02 1.140086956928592493e-01 6.363366636603691451e-02 2.105502938137875494e-09 9.831623325731517760e-01 2.582242397435641578e+03
6.976422895483554498e+01 2.265448762761472154e-02 1.143866245295879214e-01 7.308151732594835026e-02 2.146435959336068525e-09 9.835413095727895127e-01 2.582555047533901416e+03
6.976422895483554498e+01 2.265448762761472154e-02 1.143866245295879214e-01 7.308151732594835026e-02 2.146435959336068525e-09 9.835413095727895127e-01 2.582555047533901416e+03
6.988968553749656110e+01 2.265129571487833199e-02 1.140570301614383664e-01 7.739767308687536818e-02 2.163541637342548715e-09 9.841027805152939845e-01 2.582415706008569032e+03
6.988968553749656110e+01 2.265129571487833199e-02 1.140570301614383664e-01 7.739767308687536818e-02 2.163541637342548715e-09 9.841027805152939845e-01 2.582415706008569032e+03
6.988968553749656110e+01 2.265129571487833199e-02 1.140570301614383664e-01 7.739767308687536818e-02 2.163541637342548715e-09 9.841027805152939845e-01 2.582415706008569032e+03
6.988968553749656110e+01 2.265129571487833199e-02 1.140570301614383664e-01 7.739767308687536818e-02 2.163541637342548715e-09 9.841027805152939845e-01 2.582415706008569032e+03
6.976807777723688275e+01 2.267338350685584383e-02 1.143591569771749833e-01 8.626491062479463290e-02 2.201600398750447784e-09 9.828690136410364042e-01 2.580971676821880919e+03
6.987293771406706355e+01 2.267509060100880366e-02 1.141311469632521197e-01 9.208578343051043724e-02 2.224523717165838216e-09 9.842291166049838003e-01 2.581709187219305022e+03
6.997419457351868743e+01 2.264788809174117165e-02 1.137290783086003787e-01 9.652219992798963255e-02 2.241802679309656360e-09 9.837082157935781446e-01 2.581358017774432028e+03
6.997419457351868743e+01 2.264788809174117165e-02 1.137290783086003787e-01 9.652219992798963255e-02 2.241802679309656360e-09 9.837082157935781446e-01 2.581358017774432028e+03
6.975475464339962173e+01 2.262340715884739173e-02 1.141782274151013077e-01 9.339453834965408263e-02 2.230673153837483887e-09 9.822442073542158036e-01 2.580673403405917270e+03
6.943344103897544528e+01 2.260105981722028076e-02 1.149209890357830721e-01 8.343337641886458544e-02 2.191560263986419272e-09 9.789782268308241386e-01 2.580284148342256231e+03
6.938515720202950376e+01 2.259254078105928445e-02 1.150806387554473148e-01 7.245804264911674675e-02 2.146100749351337055e-09 9.782057308280057706e-01 2.580130251790411876e+03
6.939120399212497148e+01 2.259656159599288464e-02 1.151146965870664118e-01 7.239746200811716936e-02 2.145522525004354102e-09 9.790160938266219137e-01 2.580068042161013182e+03
6.939120399212497148e+01 2.259656159599288464e-02 1.151146965870664118e-01 7.239746200811716936e-02 2.145522525004354102e-09 9.790160938266219137e-01 2.580068042161013182e+03
6.939120399212497148e+01 2.259656159599288464e-02 1.151146965870664118e-01 7.239746200811716936e-02 2.145522525004354102e-09 9.790160938266219137e-01 2.580068042161013182e+03
6.939120399212497148e+01 2.259656159599288464e-02 1.151146965870664118e-01 7.239746200811716936e-02 2.145522525004354102e-09 9.790160938266219137e-01 2.580068042161013182e+03
6.959662759679338251e+01 2.259210494907194777e-02 1.146518357627508561e-01 7.462135006427077222e-02 2.153031252591603123e-09 9.806993850945288083e-01 2.579926532867578317e+03
6.960680968764522447e+01 2.263344927085407868e-02 1.146468591106354629e-01 8.863299066387780867e-02 2.213188633166521607e-09 9.825691652041913526e-01 2.580551189321257880e+03
6.972236852423925768e+01 2.260063358925479618e-02 1.141353988987393459e-01 8.104214709603589639e-02 2.176891963378857813e-09 9.835344232717869728e-01 2.581929947459081632e+03
6.971099964437703989e+01 2.259106348824185123e-02 1.140164619416365183e-01 7.753901262712997733e-02 2.160166792918146756e-09 9.827688364095021889e-01 2.582576531716817044e+03
6.960014354144104232e+01 2.258723557358338629e-02 1.144670798702404069e-01 7.301940636236010918e-02 2.144359885436181054e-09 9.812641461426494516e-01 2.580916531293508342e+03
6.948804200443356649e+01 2.260356887051773178e-02 1.148450216960153480e-01 6.002113076509221073e-02 2.092574880513395610e-09 9.807100775294383954e-01 2.581486797099051273e+03
6.972467225820439296e+01 2.261787779233439058e-02 1.142234370250126557e-01 5.873298794977685477e-02 2.086414530497116680e-09 9.833610164588867386e-01 2.585252286382139573e+03
6.967157920805651372e+01 2.260458855621506544e-02 1.144404442374830078e-01 6.448209417468986349e-02 2.110775510522872942e-09 9.822443632251762757e-01 2.581914569935251166e+03
6.946213541113296230e+01 2.262330204228031952e-02 1.148309500692921842e-01 6.664530108288403698e-02 2.122549509126448433e-09 9.803404805671682709e-01 2.581623314574900178e+03
6.946213541113296230e+01 2.262330204228031952e-02 1.148309500692921842e-01 6.664530108288403698e-02 2.122549509126448433e-09 9.803404805671682709e-01 2.581623314574900178e+03
6.936280674009746861e+01 2.263330873147241865e-02 1.151492405987578349e-01 7.506526302346222534e-02 2.159702301736698583e-09 9.790878159787655965e-01 2.579892033583650118e+03
6.936280674009746861e+01 2.263330873147241865e-02 1.151492405987578349e-01 7.506526302346222534e-02 2.159702301736698583e-09 9.790878159787655965e-01 2.579892033583650118e+03
6.948121453846320605e+01 2.265519731981517626e-02 1.149547371715963634e-01 8.260365692418454586e-02 2.192088124153580663e-09 9.793621528274122356e-01 2.579487887560709169e+03
6.947376775376623925e+01 2.265098037938006667e-02 1.149254253912247725e-01 7.683848427992005792e-02 2.167900057457337154e-09 9.790761359566312327e-01 2.580092936500072028e+03
6.934744000332896974e+01 2.265142848730427108e-02 1.150800132348485660e-01 8.509863093771144471e-02 2.203112611024730471e-09 9.781344469144811482e-01 2.580063155335579722e+03
6.981176697349565075e+01 2.260988382041831737e-02 1.137773088257588855e-01 9.588414066041729689e-02 2.240717443276146696e-09 9.818960981059954296e-01 2.581252613352540266e+03
6.949055650898370118e+01 2.264474847988988751e-02 1.146489251426293376e-01 8.428450434400512614e-02 2.198469553409073541e-09 9.790715816673879468e-01 2.580939699919344093e+03
6.963207290854047926e+01 2.264400802916885502e-02 1.144325686810962195e-01 9.868031366670737548e-02 2.255240798867370545e-09 9.810261907363704292e-01 2.581184043560019290e+03
6.942396919049058113e+01 2.266781172955703930e-02 1.150143244691040345e-01 9.117345634009130229e-02 2.227143827647665144e-09 9.795285098444915795e-01 2.580189813933465302e+03
6.896008307428137130e+01 2.265280381290972131e-02 1.159173246938894480e-01 6.336161166550044466e-02 2.115495101367262214e-09 9.742298961338871077e-01 2.582123898256637403e+03
6.896008307428137130e+01 2.265280381290972131e-02 1.159173246938894480e-01 6.336161166550044466e-02 2.115495101367262214e-09 9.742298961338871077e-01 2.582123898256637403e+03
6.891292911946921151e+01 2.268873099224824955e-02 1.160948542006400436e-01 6.100875946417023271e-02 2.106710680048589196e-09 9.747978743655668632e-01 2.583261627120260528e+03
6.891292911946921151e+01 2.268873099224824955e-02 1.160948542006400436e-01 6.100875946417023271e-02 2.106710680048589196e-09 9.747978743655668632e-01 2.583261627120260528e+03
6.896685829202291984e+01 2.265588881463553861e-02 1.160088235580304522e-01 6.429753286719633310e-02 2.118297807692951892e-09 9.757820396362294479e-01 2.581395067808901786e+03
6.896685829202291984e+01 2.265588881463553861e-02 1.160088235580304522e-01 6.429753286719633310e-02 2.118297807692951892e-09 9.757820396362294479e-01 2.581395067808901786e+03
6.914079013893973524e+01 2.261044907081212127e-02 1.154934218176910665e-01 5.390721311917842651e-02 2.069811660212540607e-09 9.778675702947546844e-01 2.582543865005721273e+03
6.915818744429961384e+01 2.263330072558909778e-02 1.155374049295682382e-01 6.524114670285681428e-02 2.118453050015194481e-09 9.787186002975580834e-01 2.581548647779940438e+03
6.924931073772309276e+01 2.265757105551747391e-02 1.153381722856508113e-01 8.076582733394654934e-02 2.183020292856981359e-09 9.806602781150918213e-01 2.582347709791672060e+03
6.924931073772309276e+01 2.265757105551747391e-02 1.153381722856508113e-01 8.076582733394654934e-02 2.183020292856981359e-09 9.806602781150918213e-01 2.582347709791672060e+03
6.909964083321750650e+01 2.267261009554455073e-02 1.157501582380858068e-01 8.898309658737735273e-02 2.220120072255766697e-09 9.795114134317305377e-01 2.581870730731011463e+03
6.909964083321750650e+01 2.267261009554455073e-02 1.157501582380858068e-01 8.898309658737735273e-02 2.220120072255766697e-09 9.795114134317305377e-01 2.581870730731011463e+03
6.909964083321750650e+01 2.267261009554455073e-02 1.157501582380858068e-01 8.898309658737735273e-02 2.220120072255766697e-09 9.795114134317305377e-01 2.581870730731011463e+03
6.909964083321750650e+01 2.267261009554455073e-02 1.157501582380858068e-01 8.898309658737735273e-02 2.220120072255766697e-09 9.795114134317305377e-01 2.581870730731011463e+03
6.909964083321750650e+01 2.267261009554455073e-02 1.157501582380858068e-01 8.898309658737735273e-02 2.220120072255766697e-09 9.795114134317305377e-01 2.581870730731011463e+03
6.917790499050725828e+01 2.264593106667984329e-02 1.155940154218196431e-01 8.401611986411920696e-02 2.197124066239652748e-09 9.793390183412197247e-01 2.580824289300163400e+03
6.890537969021121967e+01 2.262628084363562525e-02 1.163065278491114268e-01 6.403095214372331312e-02 2.117519985219007833e-09 9.752423956529726601e-01 2.580278660577193477e+03
6.890537969021121967e+01 2.262628084363562525e-02 1.163065278491114268e-01 6.403095214372331312e-02 2.117519985219007833e-09 9.752423956529726601e-01 2.580278660577193477e+03
6.890537969021121967e+01 2.262628084363562525e-02 1.163065278491114268e-01 6.403095214372331312e-02 2.117519985219007833e-09 9.752423956529726601e-01 2.580278660577193477e+03
6.890537969021121967e+01 2.262628084363562525e-02 1.163065278491114268e-01 6.403095214372331312e-02 2.117519985219007833e-09 9.752423956529726601e-01 2.580278660577193477e+03
6.880723408741953051e+01 2.265200020554480886e-02 1.166220254205690282e-01 5.795232701858617913e-02 2.094801074069481963e-09 9.742171739417805343e-01 2.580756676323615920e+03
6.871822927889006394e+01 2.263271003643158377e-02 1.168764445477261521e-01 4.580484159035349417e-02 2.043932597347498122e-09 9.713652143346539480e-01 2.586321254895021866e+03
6.871822927889006394e+01 2.263271003643158377e-02 1.168764445477261521e-01 4.580484159035349417e-02 2.043932597347498122e-09 9.713652143346539480e-01 2.586321254895021866e+03
6.879071415558095737e+01 2.265664737311612331e-02 1.165526375574272716e-01 5.324616058191559281e-02 2.075534216940749379e-09 9.718683755098117549e-01 2.583098542983542757e+03
6.868229223529711192e+01 2.266938799128435933e-02 1.166546772166787843e-01 5.088078073549553992e-02 2.065707819601518667e-09 9.709533626399889927e-01 2.585516503679930793e+03
6.868229223529711192e+01 2.266938799128435933e-02 1.166546772166787843e-01 5.088078073549553992e-02 2.065707819601518667e-09 9.709533626399889927e-01 2.585516503679930793e+03
6.879375765911032659e+01 2.268492535959122647e-02 1.163937578424260461e-01 6.285430905707145577e-02 2.114105986202590800e-09 9.725051159970373726e-01 2.583789853535245129e+03
6.879375765911032659e+01 2.268492535959122647e-02 1.163937578424260461e-01 6.285430905707145577e-02 2.114105986202590800e-09 9.725051159970373726e-01 2.583789853535245129e+03
6.915975553118019548e+01 2.270621940505649500e-02 1.154551396303602345e-01 6.928642766315046275e-02 2.135960667123908335e-09 9.770252843932367703e-01 2.583606129080533719e+03
6.970706807608283384e+01 2.268718743372701713e-02 1.140836158042405485e-01 8.111006579595543553e-02 2.179275142737777377e-09 9.811997075207397057e-01 2.583338185229350529e+03
6.970706807608283384e+01 2.268718743372701713e-02 1.140836158042405485e-01 8.111006579595543553e-02 2.179275142737777377e-09 9.811997075207397057e-01 2.583338185229350529e+03
6.970706807608283384e+01 2.268718743372701713e-02 1.140836158042405485e-01 8.111006579595543553e-02 2.179275142737777377e-09 9.811997075207397057e-01 2.583338185229350529e+03
7.013479543863097376e+01 2.266510187656940734e-02 1.131064719083546832e-01 8.377036062782011738e-02 2.186252201114705545e-09 9.836977976917876676e-01 2.583216631885505194e+03
7.000968276111649402e+01 2.269405623456031626e-02 1.134988427556723883e-01 8.171736924009784242e-02 2.180421091757671431e-09 9.829385343221761495e-01 2.583367764565815378e+03
7.000968276111649402e+01 2.269405623456031626e-02 1.134988427556723883e-01 8.171736924009784242e-02 2.180421091757671431e-09 9.829385343221761495e-01 2.583367764565815378e+03
7.024099903483747198e+01 2.266051650926592317e-02 1.127677047507316399e-01 8.723072805414258668e-02 2.200666333117394334e-09 9.837203006480463863e-01 2.583871140242229558e+03
6.990282935659658392e+01 2.265649597673442123e-02 1.135614664425824150e-01 8.001678588416905047e-02 2.174124054728932402e-09 9.807755950262587730e-01 2.582966821176886242e+03
6.967852047901311607e+01 2.265539198665330461e-02 1.142123185626965215e-01 8.020950997486607503e-02 2.179085302022394063e-09 9.783792275613510947e-01 2.581350263330044982e+03
6.967852047901311607e+01 2.265539198665330461e-02 1.142123185626965215e-01 8.020950997486607503e-02 2.179085302022394063e-09 9.783792275613510947e-01 2.581350263330044982e+03
6.932436153603151752e+01 2.265064738917652032e-02 1.152593105794408740e-01 6.769550831491046028e-02 2.130386210333053100e-09 9.753630581980691217e-01 2.580882933373358810e+03
6.932436153603151752e+01 2.265064738917652032e-02 1.152593105794408740e-01 6.769550831491046028e-02 2.130386210333053100e-09 9.753630581980691217e-01 2.580882933373358810e+03
6.960048855282408908e+01 2.265859847998089038e-02 1.145022729380444498e-01 9.006372951978620922e-02 2.221312847529774544e-09 9.779765373594303535e-01 2.580649895721659050e+03
6.960048855282408908e+01 2.265859847998089038e-02 1.145022729380444498e-01 9.006372951978620922e-02 2.221312847529774544e-09 9.779765373594303535e-01 2.580649895721659050e+03
6.981475095704496425e+01 2.265389923552037915e-02 1.139438508875288969e-01 8.207090160406967094e-02 2.184888352353253343e-09 9.798686833446345057e-01 2.580965256032093748e+03
7.030612585730611386e+01 2.267586380863591614e-02 1.128107784975296984e-01 9.597746669140778952e-02 2.239543494685463600e-09 9.842820182071354562e-01 2.582338595649024683e+03
7.030612585730611386e+01 2.267586380863591614e-02 1.128107784975296984e-01 9.597746669140778952e-02 2.239543494685463600e-09 9.842820182071354562e-01 2.582338595649024683e+03
7.049768082318989570e+01 2.265684622531189546e-02 1.123278853067935928e-01 1.106735222006677566e-01 2.299987157679493891e-09 9.848904420910602475e-01 2.582463152772344984e+03
7.049768082318989570e+01 2.265684622531189546e-02 1.123278853067935928e-01 1.106735222006677566e-01 2.299987157679493891e-09 9.848904420910602475e-01 2.582463152772344984e+03
7.049768082318989570e+01 2.265684622531189546e-02 1.123278853067935928e-01 1.106735222006677566e-01 2.299987157679493891e-09 9.848904420910602475e-01 2.582463152772344984e+03
7.049768082318989570e+01 2.265684622531189546e-02 1.123278853067935928e-01 1.106735222006677566e-01 2.299987157679493891e-09 9.848904420910602475e-01 2.582463152772344984e+03
7.049768082318989570e+01 2.265684622531189546e-02 1.123278853067935928e-01 1.106735222006677566e-01 2.299987157679493891e-09 9.848904420910602475e-01 2.582463152772344984e+03
7.049768082318989570e+01 2.265684622531189546e-02 1.123278853067935928e-01 1.106735222006677566e-01 2.299987157679493891e-09 9.848904420910602475e-01 2.582463152772344984e+03
7.032835170248638690e+01 2.266382777301029910e-02 1.129780670343654425e-01 9.880838964355832810e-02 2.254387801924958711e-09 9.830599874835540541e-01 2.580411079023978800e+03
7.032835170248638690e+01 2.266382777301029910e-02 1.129780670343654425e-01 9.880838964355832810e-02 2.254387801924958711e-09 9.830599874835540541e-01 2.580411079023978800e+03
7.032835170248638690e+01 2.266382777301029910e-02 1.129780670343654425e-01 9.880838964355832810e-02 2.254387801924958711e-09 9.830599874835540541e-01 2.580411079023978800e+03
7.044631611742489952e+01 2.267028916202715183e-02 1.126772994163722230e-01 9.914470614649507907e-02 2.252309505678914917e-09 9.847605622734159070e-01 2.581097721586600528e+03
7.047648959113686828e+01 2.266305812417635304e-02 1.127838288052811916e-01 1.004890898506818203e-01 2.258512536690878056e-09 9.849942308259921342e-01 2.580645740641701195e+03
7.051728383905891917e+01 2.261732434927738941e-02 1.125771812060513966e-01 8.129636359763192655e-02 2.176752754841531555e-09 9.836765486900648225e-01 2.582278353535820315e+03
7.051728383905891917e+01 2.261732434927738941e-02 1.125771812060513966e-01 8.129636359763192655e-02 2.176752754841531555e-09 9.836765486900648225e-01 2.582278353535820315e+03
7.026346293887787908e+01 2.265562733918733904e-02 1.134125293397638956e-01 9.032792595288732795e-02 2.218756702477648382e-09 9.826318146449946056e-01 2.579962147515145716e+03
7.038119032130317976e+01 2.266939093385665627e-02 1.131778765279935206e-01 9.905030751180267379e-02 2.253460823364280165e-09 9.849469379999663543e-01 2.580600309985990862e+03
7.037891106190706125e+01 2.266530650705404423e-02 1.131376378941133520e-01 1.050589589543784175e-01 2.277943130784415560e-09 9.841939830164497804e-01 2.581964661880161657e+03
7.017760217991421712e+01 2.267291362051102044e-02 1.136373504325082773e-01 8.826388675987670296e-02 2.208948828438652616e-09 9.828431282570565530e-01 2.580158121295283308e+03
7.017760217991421712e+01 2.267291362051102044e-02 1.136373504325082773e-01 8.826388675987670296e-02 2.208948828438652616e-09 9.828431282570565530e-01 2.580158121295283308e+03
6.991303756223587129e+01 2.268053470829786700e-02 1.143487724070743894e-01 7.947558290286428628e-02 2.175183887557085107e-09 9.806664224061740764e-01 2.579892928684643721e+03
6.966953594153773111e+01 2.269536504862730564e-02 1.149034761532889276e-01 6.355926262854996733e-02 2.110311345334531712e-09 9.793393509576709954e-01 2.580808248155254205e+03
6.966953594153773111e+01 2.269536504862730564e-02 1.149034761532889276e-01 6.355926262854996733e-02 2.110311345334531712e-09 9.793393509576709954e-01 2.580808248155254205e+03
6.972515597067197746e+01 2.268206466736684065e-02 1.147904907087342885e-01 6.953728899965457011e-02 2.134732046114547335e-09 9.785901758296785546e-01 2.580699634671375861e+03
7.004531928024105980e+01 2.269837624921580005e-02 1.139098719774828405e-01 8.881877865774467917e-02 2.210479403089169914e-09 9.818088658265040625e-01 2.581265937183963615e+03
7.020866446535842442e+01 2.266376573073335815e-02 1.134435941253278957e-01 6.916142175284770155e-02 2.128209387254486638e-09 9.811581748807054471e-01 2.581644426836282037e+03
7.012261660358747406e+01 2.264331709755956420e-02 1.135487722635978858e-01 7.922087975884888056e-02 2.172037500982129230e-09 9.792512698537404470e-01 2.581292734791111798e+03
7.005790078247166264e+01 2.264558598334887041e-02 1.137003705367745782e-01 8.816545630569544434e-02 2.209747649458897549e-09 9.787675218994569271e-01 2.581957121902626568e+03
7.005790078247166264e+01 2.264558598334887041e-02 1.137003705367745782e-01 8.816545630569544434e-02 2.209747649458897549e-09 9.787675218994569271e-01 2.581957121902626568e+03
7.005790078247166264e+01 2.264558598334887041e-02 1.137003705367745782e-01 8.816545630569544434e-02 2.209747649458897549e-09 9.787675218994569271e-01 2.581957121902626568e+03
7.005790078247166264e+01 2.264558598334887041e-02 1.137003705367745782e-01 8.816545630569544434e-02 2.209747649458897549e-09 9.787675218994569271e-01 2.581957121902626568e+03
7.020722425499917563e+01 2.263558439883322712e-02 1.134096439865587003e-01 7.453464377925196616e-02 2.150995694135129388e-09 9.790789869867384532e-01 2.582740704606155305e+03
7.020722425499917563e+01 2.263558439883322712e-02 1.134096439865587003e-01 7.453464377925196616e-02 2.150995694135129388e-09 9.790789869867384532e-01 2.582740704606155305e+03
6.998854667036874844e+01 2.265328805369752965e-02 1.141108024076973176e-01 5.664900315259981112e-02 2.077809583793650130e-09 9.793018414346211786e-01 2.583001269141843295e+03
6.998854667036874844e+01 2.265328805369752965e-02 1.141108024076973176e-01 5.664900315259981112e-02 2.077809583793650130e-09 9.793018414346211786e-01 2.583001269141843295e+03
7.009248218523075025e+01 2.264987637958923786e-02 1.137121860712197452e-01 5.623822228525007100e-02 2.074416231376364759e-09 9.790637902065757459e-01 2.583992202059353076e+03
7.019313122316194153e+01 2.265562603758699417e-02 1.134402144800780859e-01 6.827199159313186716e-02 2.121474029838422342e-09 9.814903781324898491e-01 2.582497792138349723e+03
7.024712746486613923e+01 2.263297557093209289e-02 1.131147318656548217e-01 7.154888150623438248e-02 2.134575172312372314e-09 9.802656653107687523e-01 2.583527158740871528e+03
7.006188412647783537e+01 2.264044132862523540e-02 1.136777767423000352e-01 6.879201126607305261e-02 2.126549948220172689e-09 9.782918617811063866e-01 2.583597829437513610e+03
7.006188412647783537e+01 2.264044132862523540e-02 1.136777767423000352e-01 6.879201126607305261e-02 2.126549948220172689e-09 9.782918617811063866e-01 2.583597829437513610e+03
7.006188412647783537e+01 2.264044132862523540e-02 1.136777767423000352e-01 6.879201126607305261e-02 2.126549948220172689e-09 9.782918617811063866e-01 2.583597829437513610e+03
7.006188412647783537e+01 2.264044132862523540e-02 1.136777767423000352e-01 6.879201126607305261e-02 2.126549948220172689e-09 9.782918617811063866e-01 2.583597829437513610e+03
7.012006246768085305e+01 2.264422633885139480e-02 1.135211836057795354e-01 7.922767914955479440e-02 2.169253606804377421e-09 9.781766775876437059e-01 2.584928980283017154e+03
6.973117487155346339e+01 2.264172909072361198e-02 1.143994577743235874e-01 6.620405657071534722e-02 2.118063989597249290e-09 9.756862664458881840e-01 2.585644306078795580e+03
6.985665904486980082e+01 2.261830003784431192e-02 1.140607905077071355e-01 6.823715433586625967e-02 2.123780491643753246e-09 9.764851133347931533e-01 2.587328237278259166e+03
7.012407119873957129e+01 2.262033860866272464e-02 1.131242512945366402e-01 7.881040171546443984e-02 2.162580373136391762e-09 9.801876871094646893e-01 2.585445419075732389e+03
7.012407119873957129e+01 2.262033860866272464e-02 1.131242512945366402e-01 7.881040171546443984e-02 2.162580373136391762e-09 9.801876871094646893e-01 2.585445419075732389e+03
7.010639226672667235e+01 2.259678557617981684e-02 1.129184286228855361e-01 7.132169684222525174e-02 2.126223806857925429e-09 9.816457424168377743e-01 2.589062506252326330e+03
7.010639226672667235e+01 2.259678557617981684e-02 1.129184286228855361e-01 7.132169684222525174e-02 2.126223806857925429e-09 9.816457424168377743e-01 2.589062506252326330e+03
7.010639226672667235e+01 2.259678557617981684e-02 1.129184286228855361e-01 7.132169684222525174e-02 2.126223806857925429e-09 9.816457424168377743e-01 2.589062506252326330e+03
7.029388710490140113e+01 2.261271285242553303e-02 1.126391973408262664e-01 7.587314308424208953e-02 2.144128609930012176e-09 9.849036694341348763e-01 2.586346391389851306e+03
7.006847555120722859e+01 2.261492136057369901e-02 1.133181208508426963e-01 6.462974451118803920e-02 2.101079449002076257e-09 9.828044380309256534e-01 2.585446128248610876e+03
7.006847555120722859e+01 2.261492136057369901e-02 1.133181208508426963e-01 6.462974451118803920e-02 2.101079449002076257e-09 9.828044380309256534e-01 2.585446128248610876e+03
7.017581762600951834e+01 2.260899632447878685e-02 1.130015488856009331e-01 6.820180087184549156e-02 2.114840274258781851e-09 9.832791930558262283e-01 2.585363515256592109e+03
7.017581762600951834e+01 2.260899632447878685e-02 1.130015488856009331e-01 6.820180087184549156e-02 2.114840274258781851e-09 9.832791930558262283e-01 2.585363515256592109e+03
7.037963597123464865e+01 2.263117150395751662e-02 1.124376037984182175e-01 7.805042510356374752e-02 2.154045126410127999e-09 9.852998686177106835e-01 2.585434163087443267e+03
7.031031290012491297e+01 2.264890873752394007e-02 1.129819119277171435e-01 7.297582253771264793e-02 2.136563238988126781e-09 9.843998426102007482e-01 2.583350830151760874e+03
7.035710763546448732e+01 2.265640860663182057e-02 1.131094283974407866e-01 6.984179622284059086e-02 2.123456926535432379e-09 9.845971871055546609e-01 2.584101317696168280e+03
7.026128969068686558e+01 2.261238226461771694e-02 1.133601895871697157e-01 7.616979182129617054e-02 2.149978150686296744e-09 9.829803783114375859e-01 2.586451001902050848e+03
7.026128969068686558e+01 2.261238226461771694e-02 1.133601895871697157e-01 7.616979182129617054e-02 2.149978150686296744e-09 9.829803783114375859e-01 2.586451001902050848e+03
7.026128969068686558e+01 2.261238226461771694e-02 1.133601895871697157e-01 7.616979182129617054e-02 2.149978150686296744e-09 9.829803783114375859e-01 2.586451001902050848e+03
7.026128969068686558e+01 2.261238226461771694e-02 1.133601895871697157e-01 7.616979182129617054e-02 2.149978150686296744e-09 9.829803783114375859e-01 2.586451001902050848e+03
7.031837109487317150e+01 2.262329127611082541e-02 1.131273107165578634e-01 8.266369512023263866e-02 2.174783444851359938e-09 9.846895195180941363e-01 2.586940737267003442e+03
7.060597224773569280e+01 2.266686990501635968e-02 1.124124745849573170e-01 1.005803795563299519e-01 2.247027657325151598e-09 9.897716125286913913e-01 2.588661043922280442e+03
7.048365419130426801e+01 2.266543614581183891e-02 1.126454754281137061e-01 9.101511128902223247e-02 2.207060097919408795e-09 9.891499806516543813e-01 2.587561834196983000e+03
7.070689533446821429e+01 2.267221304826510728e-02 1.121917904188872023e-01 9.799645706275884882e-02 2.232464034795015386e-09 9.920502349694235722e-01 2.592145947711400368e+03
7.070689533446821429e+01 2.267221304826510728e-02 1.121917904188872023e-01 9.799645706275884882e-02 2.232464034795015386e-09 9.920502349694235722e-01 2.592145947711400368e+03
7.077296756826663682e+01 2.265976687356977340e-02 1.120066445447445158e-01 9.688315643106334973e-02 2.226550077313806103e-09 9.927765566709911838e-01 2.592618407317721903e+03
7.063671428603248614e+01 2.263959622089837045e-02 1.121562682518891241e-01 9.641967408364202075e-02 2.223631826728578212e-09 9.926640019735009091e-01 2.594414431213512216e+03
7.072003346432686044e+01 2.265478040778949251e-02 1.119019809698794943e-01 9.560643969504305228e-02 2.218535818840651016e-09 9.940762469858823724e-01 2.596149220512947068e+03
7.072003346432686044e+01 2.265478040778949251e-02 1.119019809698794943e-01 9.560643969504305228e-02 2.218535818840651016e-09 9.940762469858823724e-01 2.596149220512947068e+03
7.070267937954214688e+01 2.263913078414029473e-02 1.120280263849978281e-01 1.056915058608518670e-01 2.262700698497077625e-09 9.928341413120003178e-01 2.596443628781312782e+03
7.056293054397710307e+01 2.260764500419751646e-02 1.125694905282255687e-01 8.876594362478801292e-02 2.193191272616088579e-09 9.909497998429841470e-01 2.593235334545315709e+03
7.056293054397710307e+01 2.260764500419751646e-02 1.125694905282255687e-01 8.876594362478801292e-02 2.193191272616088579e-09 9.909497998429841470e-01 2.593235334545315709e+03
7.022219478508581858e+01 2.259062897029216754e-02 1.132963564774871756e-01 6.624284847869837956e-02 2.103991016153966547e-09 9.863644629239424200e-01 2.589075595578686261e+03
7.035906905900191077e+01 2.259249897542816785e-02 1.128142614581785080e-01 8.183065710337400489e-02 2.168331332615667134e-09 9.876163007134118876e-01 2.586947617007639565e+03
7.053413742015433741e+01 2.264613310123494636e-02 1.125176002545237586e-01 1.072584016866757334e-01 2.277450517432103473e-09 9.899350207680210900e-01 2.588167141763142354e+03
7.030006300090961702e+01 2.261922227472330099e-02 1.132056941244729831e-01 1.023850991598509452e-01 2.258967895705228483e-09 9.872309100899350209e-01 2.588630832879027366e+03
7.011329846003418709e+01 2.264194546124462248e-02 1.137928445567273905e-01 9.452272467964095704e-02 2.228288048948414556e-09 9.873105804995238044e-01 2.586807866444723459e+03
6.999358146972750205e+01 2.262343190083746305e-02 1.140029628302416387e-01 9.523246135349026920e-02 2.233000962396662538e-09 9.850763253881320569e-01 2.585883632333659079e+03
7.016788282820090217e+01 2.264040470536106062e-02 1.135574380835988051e-01 1.073545172782932738e-01 2.282040751028532030e-09 9.874917119399880816e-01 2.589704079907535288e+03
7.016788282820090217e+01 2.264040470536106062e-02 1.135574380835988051e-01 1.073545172782932738e-01 2.282040751028532030e-09 9.874917119399880816e-01 2.589704079907535288e+03
7.006900792902870023e+01 2.270008448650814165e-02 1.137431310782027333e-01 1.055101548590828969e-01 2.276060110396884122e-09 9.885318135109256721e-01 2.588446956858260364e+03
7.006900792902870023e+01 2.270008448650814165e-02 1.137431310782027333e-01 1.055101548590828969e-01 2.276060110396884122e-09 9.885318135109256721e-01 2.588446956858260364e+03
7.019374532923258414e+01 2.269228159605218495e-02 1.132744714832270572e-01 1.045258979929572368e-01 2.269163406013788650e-09 9.897492258066739046e-01 2.589290483921588930e+03
7.019374532923258414e+01 2.269228159605218495e-02 1.132744714832270572e-01 1.045258979929572368e-01 2.269163406013788650e-09 9.897492258066739046e-01 2.589290483921588930e+03
7.026434375355175632e+01 2.264368380290097960e-02 1.130572125994408206e-01 1.018631458959671637e-01 2.257628055033632656e-09 9.879983244881521687e-01 2.585785606705107057e+03
7.020093772684320754e+01 2.263852693100720098e-02 1.134613934751722425e-01 9.094845996609891847e-02 2.211663249189874191e-09 9.876739551063558054e-01 2.585914034020221607e+03
7.026062840810065779e+01 2.265359754700865466e-02 1.135261615884157749e-01 1.009054607482046118e-01 2.256020149908872281e-09 9.870423071489747846e-01 2.586387085637641121e+03
6.978612717056594761e+01 2.265776108812270553e-02 1.148138643635749356e-01 9.579857889153808870e-02 2.241344709271568342e-09 9.825866911314000696e-01 2.585621726796285657e+03
6.978612717056594761e+01 2.265776108812270553e-02 1.148138643635749356e-01 9.579857889153808870e-02 2.241344709271568342e-09 9.825866911314000696e-01 2.585621726796285657e+03
6.978612717056594761e+01 2.265776108812270553e-02 1.148138643635749356e-01 9.579857889153808870e-02 2.241344709271568342e-09 9.825866911314000696e-01 2.585621726796285657e+03
7.030415039537395216e+01 2.263738272286403702e-02 1.135089559325030001e-01 1.093401742908705482e-01 2.293469378175448091e-09 9.865183806867797722e-01 2.588302008901767294e+03
7.009328344327424531e+01 2.267305377204706027e-02 1.139941151654230711e-01 1.139968849055163908e-01 2.316742661676380633e-09 9.846334291598984878e-01 2.589421195480988899e+03
7.009328344327424531e+01 2.267305377204706027e-02 1.139941151654230711e-01 1.139968849055163908e-01 2.316742661676380633e-09 9.846334291598984878e-01 2.589421195480988899e+03
7.032124613288080184e+01 2.266296008927491668e-02 1.135954624589022577e-01 1.113182744666267043e-01 2.304734618693247434e-09 9.863752553531208722e-01 2.586394213816164665e+03
7.032124613288080184e+01 2.266296008927491668e-02 1.135954624589022577e-01 1.113182744666267043e-01 2.304734618693247434e-09 9.863752553531208722e-01 2.586394213816164665e+03
7.007313962047969369e+01 2.266017263929843290e-02 1.143059824904666816e-01 9.752609527857263039e-02 2.251313297866642027e-09 9.832338669298986700e-01 2.582137295012717914e+03
7.007313962047969369e+01 2.266017263929843290e-02 1.143059824904666816e-01 9.752609527857263039e-02 2.251313297866642027e-09 9.832338669298986700e-01 2.582137295012717914e+03
7.007313962047969369e+01 2.266017263929843290e-02 1.143059824904666816e-01 9.752609527857263039e-02 2.251313297866642027e-09 9.832338669298986700e-01 2.582137295012717914e+03
7.007313962047969369e+01 2.266017263929843290e-02 1.143059824904666816e-01 9.752609527857263039e-02 2.251313297866642027e-09 9.832338669298986700e-01 2.582137295012717914e+03
6.990404409481050152e+01 2.265858579908378717e-02 1.147912728378777530e-01 9.448316445989311807e-02 2.241398216689546742e-09 9.815347369012132894e-01 2.581922553454706303e+03
6.969711439375437578e+01 2.271744397407727753e-02 1.152749757564839328e-01 8.472948485143068365e-02 2.202557175698582794e-09 9.822023492590948868e-01 2.581673905557523995e+03
6.948643093194576181e+01 2.273463818137047565e-02 1.157118522701756219e-01 9.094422022390484528e-02 2.231642583841023798e-09 9.799811407074571212e-01 2.580257966125459916e+03
6.969178841798344592e+01 2.270675614099111964e-02 1.148206604016417665e-01 8.918956326595864348e-02 2.220220649180313449e-09 9.814822517393224643e-01 2.580015348828495007e+03
6.969178841798344592e+01 2.270675614099111964e-02 1.148206604016417665e-01 8.918956326595864348e-02 2.220220649180313449e-09 9.814822517393224643e-01 2.580015348828495007e+03
6.969178841798344592e+01 2.270675614099111964e-02 1.148206604016417665e-01 8.918956326595864348e-02 2.220220649180313449e-09 9.814822517393224643e-01 2.580015348828495007e+03
6.953720801037189858e+01 2.268778989507893099e-02 1.151600303487193833e-01 9.859921594943012180e-02 2.259922103579670046e-09 9.809626980156191944e-01 2.580079595420118494e+03
6.953720801037189858e+01 2.268778989507893099e-02 1.151600303487193833e-01 9.859921594943012180e-02 2.259922103579670046e-09 9.809626980156191944e-01 2.580079595420118494e+03
