6.900000000000000000e+01 2.199999999999999872e-02 1.199999999999999956e-01 5.999999999999999778e-02 2.100000000000000193e-09 9.499999999999999556e-01 3.272203377808957612e+03
6.900000926420185010e+01 2.200052492003426105e-02 1.199999696361121748e-01 6.000158924130478272e-02 2.141450049481431270e-09 9.500001482416129406e-01 3.272203377808957612e+03
6.900003430294164275e+01 2.200251534872981959e-02 1.200008938841650302e-01 6.000187725982765452e-02 2.161279594508463390e-09 9.499998130511029260e-01 3.272203377808957612e+03
6.900002045564251318e+01 2.200490649927060866e-02 1.200014817480218321e-01 6.000246482932993647e-02 1.981938559199047712e-09 9.499994853624600388e-01 3.272203377808957612e+03
6.900000698657673581e+01 2.200493435342958798e-02 1.200016760667055177e-01 6.000394061026313036e-02 2.080190091785151526e-09 9.499993877598884584e-01 3.272203377808957612e+03
6.900000004979375490e+01 2.200869189224643335e-02 1.200018285805967838e-01 6.000506058864930881e-02 1.334817557126080940e-09 9.499984479083215527e-01 3.272203377808957612e+03
6.899999558345690787e+01 2.200738502643324185e-02 1.200028621231253589e-01 6.000460393089564193e-02 1.139013285514743981e-09 9.499983942647068913e-01 3.272203377808957612e+03
6.899999092778148224e+01 2.200381704042770822e-02 1.200027402087683603e-01 6.000690180696607173e-02 1.566742938866231486e-09 9.499997475378135769e-01 3.272203377808957612e+03
6.899997368877275505e+01 2.200225044512658240e-02 1.200031982550434501e-01 6.000793013933745229e-02 1.460186019153143401e-09 9.499999305031535668e-01 3.272203377808957612e+03
6.899996725297346245e+01 2.199957003279437093e-02 1.200024323718404534e-01 6.000804810255995492e-02 1.183782373712269989e-09 9.500002303318887398e-01 3.272203377808957612e+03
6.899995359942639084e+01 2.199848489311383506e-02 1.200018453983174999e-01 6.000738411157143654e-02 1.183271200818759458e-09 9.499994177342878654e-01 3.272203377808957612e+03
6.899993848821881670e+01 2.199338190799849518e-02 1.200019674292051031e-01 6.000810213846198560e-02 9.849674295971279786e-10 9.499995213502399061e-01 3.272203377808957612e+03
6.899993954511786853e+01 2.199480362427282121e-02 1.200021780029648655e-01 6.000576891710469180e-02 1.025688069097342761e-09 9.499986935879388694e-01 3.272203377808957612e+03
6.899996552280762785e+01 2.200021241625644414e-02 1.200038482089041542e-01 6.000329881700264961e-02 9.556903704536457305e-10 9.499980440857540565e-01 3.272203377808957612e+03
6.899998784840265387e+01 2.200143172814945577e-02 1.200036672198461496e-01 6.000197367858020603e-02 1.292575741562552804e-09 9.499986707853576018e-01 3.272203377808957612e+03
6.899998603627270199e+01 2.200300111217566579e-02 1.200033411428555602e-01 6.000241683665009235e-02 1.767322321803047404e-09 9.499988635100439227e-01 3.272203377808957612e+03
6.899997411510740619e+01 2.199836823936742597e-02 1.200046715009754073e-01 6.000005527941097705e-02 2.157733175193034106e-09 9.499993237079652486e-01 3.272203377808957612e+03
6.899997589036502177e+01 2.199757570151119820e-02 1.200060683916059218e-01 6.000114922741490997e-02 2.471352584674740163e-09 9.499982347393792770e-01 3.272203377808957612e+03
6.899999831752414536e+01 2.199957606675853952e-02 1.200063691051074521e-01 6.000218613275575680e-02 2.105449994252847128e-09 9.499973036518590819e-01 3.272203377808957612e+03
6.900000033236548802e+01 2.199882415002866326e-02 1.200066892699511722e-01 5.999998339295491839e-02 2.745466321110653110e-09 9.499979789002201969e-01 3.272203377808957612e+03
6.900001409718690581e+01 2.199888302215957658e-02 1.200062686420973052e-01 6.000189257554849193e-02 3.493034337841410754e-09 9.499971779870071131e-01 3.272203377808957612e+03
6.900000532636769890e+01 2.199639073906447043e-02 1.200073322154440320e-01 6.000428168629098891e-02 2.826061107244464347e-09 9.499971238567064269e-01 3.272203377808957612e+03
6.899999392102404272e+01 2.199671606780011918e-02 1.200069392053421669e-01 6.000144133456263018e-02 2.474293008050035972e-09 9.499964154204889599e-01 3.272203377808957612e+03
6.900000722794165142e+01 2.199674812640284305e-02 1.200071231495752344e-01 6.000381124537759736e-02 2.806091608194206108e-09 9.499958063234815731e-01 3.272203377808957612e+03
6.900001569772496168e+01 2.199852030269326686e-02 1.200064678206190782e-01 6.000238311187106044e-02 3.192664410469774497e-09 9.499956355188819979e-01 3.272203377808957612e+03
6.900002854622805160e+01 2.199939233521583382e-02 1.200087359856103902e-01 6.000032789355169704e-02 3.264890994995772559e-09 9.499954623324717851e-01 3.272203377808957612e+03
6.900004505395833121e+01 2.199585959007563721e-02 1.200106011498007219e-01 6.000062807678497451e-02 2.930474371920889511e-09 9.499958589413413090e-01 3.272203377808957612e+03
6.900003975417376978e+01 2.199594366145040183e-02 1.200091930588952777e-01 5.999889200382175353e-02 2.863805337333064841e-09 9.499956627302351686e-01 3.272203377808957612e+03
6.900003621926784092e+01 2.200079890072231467e-02 1.200100094976849358e-01 5.999968645230445430e-02 3.470522171871195946e-09 9.499959702971935149e-01 3.272203377808957612e+03
6.900003235713988659e+01 2.199910061275695342e-02 1.200107844072010599e-01 5.999356582210768618e-02 3.228334590975543864e-09 9.499954065077510501e-01 3.272203377808957612e+03
6.900005989830505371e+01 2.199673770755780633e-02 1.200115830795361188e-01 5.999115330165232657e-02 4.036303332302545698e-09 9.499952374010300904e-01 3.272203377808957612e+03
6.900004814353061988e+01 2.199350451527322045e-02 1.200112971039608289e-01 5.999094676466069920e-02 4.117271720990997943e-09 9.499957858548176981e-01 3.272203377808957612e+03
6.900004246762019022e+01 2.199593428619912513e-02 1.200102138685104763e-01 5.999303107391286416e-02 4.587927269889328957e-09 9.499955499370773548e-01 3.272203377808957612e+03
6.900006020032915899e+01 2.199781564280059790e-02 1.200094849032671968e-01 5.999487375512812387e-02 4.207914486469634240e-09 9.499959170460261504e-01 3.272203377808957612e+03
6.900007295522959794e+01 2.199504925811944511e-02 1.200091434847155303e-01 5.999375752858678718e-02 3.776414242106909317e-09 9.499958885087892435e-01 3.272203377808957612e+03
6.900007821070694547e+01 2.199970355231677804e-02 1.200096924022374528e-01 5.999846717186137213e-02 4.314776367365103452e-09 9.499968709378995291e-01 3.272203377808957612e+03
6.900008366117739911e+01 2.199989382067292151e-02 1.200111919059454468e-01 5.999784766664249813e-02 4.528939514770925447e-09 9.499959412859876329e-01 3.272203377808957612e+03
6.900007616610885464e+01 2.199637025003731497e-02 1.200123821965427134e-01 5.999834943182355551e-02 5.241533190223264461e-09 9.499965323753597479e-01 3.272203377808957612e+03
6.900007535956568461e+01 2.199576033991854779e-02 1.200117456314250125e-01 6.000169946503788182e-02 5.105713358350239364e-09 9.499962180299016401e-01 3.272203377808957612e+03
6.900005226457395224e+01 2.199512723227385613e-02 1.200111785935903536e-01 6.000444938830295366e-02 4.573927770685992396e-09 9.499962155511665340e-01 3.272203377808957612e+03
6.900005539499812812e+01 2.199332983035667474e-02 1.200107893383866864e-01 6.000663990299576894e-02 5.372589596162163437e-09 9.499970005106069815e-01 3.272203377808957612e+03
6.900008179056167990e+01 2.200028852012905073e-02 1.200110892527732342e-01 6.000915706442414010e-02 4.897474916603501736e-09 9.499968317643233684e-01 3.272203377808957612e+03
6.900009233407875797e+01 2.199995172015513020e-02 1.200110178470757960e-01 6.000865019097785524e-02 5.046483106206746713e-09 9.499968590008394109e-01 3.272203377808957612e+03
6.900007998983181778e+01 2.200154652144760067e-02 1.200107889133112810e-01 6.000935783787031408e-02 5.142756216069577542e-09 9.499970190185518248e-01 3.272203377808957612e+03
6.900005757266170292e+01 2.199881961559657303e-02 1.200101444322365374e-01 6.000491169427880217e-02 4.218578191725115077e-09 9.499960426397032753e-01 3.272203377808957612e+03
6.900004286034942425e+01 2.200177618589981704e-02 1.200104142566362081e-01 6.000776610560805413e-02 4.292139231594037125e-09 9.499962876820693403e-01 3.272203377808957612e+03
6.900006375384057833e+01 2.200117507282403628e-02 1.200107672814946236e-01 6.000550832890321623e-02 4.063508447011708794e-09 9.499963129416073571e-01 3.272203377808957612e+03
6.900008389895633343e+01 2.199930726265872036e-02 1.200120234602791158e-01 6.000376715328319815e-02 3.792889328616798747e-09 9.499963148735141028e-01 3.272203377808957612e+03
6.900008444615005487e+01 2.200077128242865221e-02 1.200108333903257274e-01 6.000211374200172670e-02 4.185542278750940138e-09 9.499958331517841525e-01 3.272203377808957612e+03
6.900006795406815741e+01 2.199874691148352365e-02 1.200101385070141691e-01 6.000269536591253811e-02 4.476608794516124592e-09 9.499947480517292320e-01 3.272203377808957612e+03
