6.504567051121611598e+01 2.210813043494433763e-02 1.250013220659619839e-01 5.519219275197322777e-02 2.116248243478982302e-09 9.623127173662026079e-01 2.592337936391463245e+03
6.504567051121611598e+01 2.210813043494433763e-02 1.250013220659619839e-01 5.519219275197322777e-02 2.116248243478982302e-09 9.623127173662026079e-01 2.592337936391463245e+03
6.504567051121611598e+01 2.210813043494433763e-02 1.250013220659619839e-01 5.519219275197322777e-02 2.116248243478982302e-09 9.623127173662026079e-01 2.592337936391463245e+03
6.504567051121611598e+01 2.210813043494433763e-02 1.250013220659619839e-01 5.519219275197322777e-02 2.116248243478982302e-09 9.623127173662026079e-01 2.592337936391463245e+03
6.504567051121611598e+01 2.210813043494433763e-02 1.250013220659619839e-01 5.519219275197322777e-02 2.116248243478982302e-09 9.623127173662026079e-01 2.592337936391463245e+03
6.504567051121611598e+01 2.210813043494433763e-02 1.250013220659619839e-01 5.519219275197322777e-02 2.116248243478982302e-09 9.623127173662026079e-01 2.592337936391463245e+03
6.526376310733363084e+01 2.210157740558954531e-02 1.244984413489712838e-01 5.516607240766266407e-02 2.113585069317732847e-09 9.646994617044243325e-01 2.591507251846011513e+03
6.528884945337102863e+01 2.210472200546734559e-02 1.244791463768788742e-01 5.432625346386722731e-02 2.110311829799547264e-09 9.654849371777508571e-01 2.592121663179067127e+03
6.517446180577665871e+01 2.206662895789380727e-02 1.247148953430650131e-01 5.228526864944091357e-02 2.100707200518055994e-09 9.636648623520056578e-01 2.592486986355114368e+03
6.517446180577665871e+01 2.206662895789380727e-02 1.247148953430650131e-01 5.228526864944091357e-02 2.100707200518055994e-09 9.636648623520056578e-01 2.592486986355114368e+03
6.517446180577665871e+01 2.206662895789380727e-02 1.247148953430650131e-01 5.228526864944091357e-02 2.100707200518055994e-09 9.636648623520056578e-01 2.592486986355114368e+03
6.517446180577665871e+01 2.206662895789380727e-02 1.247148953430650131e-01 5.228526864944091357e-02 2.100707200518055994e-09 9.636648623520056578e-01 2.592486986355114368e+03
6.510047162667233067e+01 2.204731063429824986e-02 1.247281908418431950e-01 5.753471817495284940e-02 2.123372408107893069e-09 9.613472017114140789e-01 2.592450481796368422e+03
6.510047162667233067e+01 2.204731063429824986e-02 1.247281908418431950e-01 5.753471817495284940e-02 2.123372408107893069e-09 9.613472017114140789e-01 2.592450481796368422e+03
6.510047162667233067e+01 2.204731063429824986e-02 1.247281908418431950e-01 5.753471817495284940e-02 2.123372408107893069e-09 9.613472017114140789e-01 2.592450481796368422e+03
6.503173749641054258e+01 2.208088973932174209e-02 1.250589357445375527e-01 6.031446869263348137e-02 2.137627231111251450e-09 9.611401154339024311e-01 2.592894030709491290e+03
6.503173749641054258e+01 2.208088973932174209e-02 1.250589357445375527e-01 6.031446869263348137e-02 2.137627231111251450e-09 9.611401154339024311e-01 2.592894030709491290e+03
6.503173749641054258e+01 2.208088973932174209e-02 1.250589357445375527e-01 6.031446869263348137e-02 2.137627231111251450e-09 9.611401154339024311e-01 2.592894030709491290e+03
6.503173749641054258e+01 2.208088973932174209e-02 1.250589357445375527e-01 6.031446869263348137e-02 2.137627231111251450e-09 9.611401154339024311e-01 2.592894030709491290e+03
6.503173749641054258e+01 2.208088973932174209e-02 1.250589357445375527e-01 6.031446869263348137e-02 2.137627231111251450e-09 9.611401154339024311e-01 2.592894030709491290e+03
6.526430816874895413e+01 2.205187465131610777e-02 1.244679358771178246e-01 5.924254847980160027e-02 2.129463771998451660e-09 9.641359990852934603e-01 2.591404259077856750e+03
6.526430816874895413e+01 2.205187465131610777e-02 1.244679358771178246e-01 5.924254847980160027e-02 2.129463771998451660e-09 9.641359990852934603e-01 2.591404259077856750e+03
6.519845482576897666e+01 2.205852849122834011e-02 1.244783934723758950e-01 5.515714980861084055e-02 2.112686968323641578e-09 9.644686572809301195e-01 2.591743995959759104e+03
6.519845482576897666e+01 2.205852849122834011e-02 1.244783934723758950e-01 5.515714980861084055e-02 2.112686968323641578e-09 9.644686572809301195e-01 2.591743995959759104e+03
6.511247768156131599e+01 2.203572655917550999e-02 1.247278700812822216e-01 5.384920161338930394e-02 2.108559616307161724e-09 9.632409666323157316e-01 2.591031924756307490e+03
6.511247768156131599e+01 2.203572655917550999e-02 1.247278700812822216e-01 5.384920161338930394e-02 2.108559616307161724e-09 9.632409666323157316e-01 2.591031924756307490e+03
6.511247768156131599e+01 2.203572655917550999e-02 1.247278700812822216e-01 5.384920161338930394e-02 2.108559616307161724e-09 9.632409666323157316e-01 2.591031924756307490e+03
6.511247768156131599e+01 2.203572655917550999e-02 1.247278700812822216e-01 5.384920161338930394e-02 2.108559616307161724e-09 9.632409666323157316e-01 2.591031924756307490e+03
6.511247768156131599e+01 2.203572655917550999e-02 1.247278700812822216e-01 5.384920161338930394e-02 2.108559616307161724e-09 9.632409666323157316e-01 2.591031924756307490e+03
6.518215379005074794e+01 2.204300600816113537e-02 1.244788099139158277e-01 5.693088500039936856e-02 2.121434274970516700e-09 9.633107012884206677e-01 2.589928069302840413e+03
6.518215379005074794e+01 2.204300600816113537e-02 1.244788099139158277e-01 5.693088500039936856e-02 2.121434274970516700e-09 9.633107012884206677e-01 2.589928069302840413e+03
6.518215379005074794e+01 2.204300600816113537e-02 1.244788099139158277e-01 5.693088500039936856e-02 2.121434274970516700e-09 9.633107012884206677e-01 2.589928069302840413e+03
6.518215379005074794e+01 2.204300600816113537e-02 1.244788099139158277e-01 5.693088500039936856e-02 2.121434274970516700e-09 9.633107012884206677e-01 2.589928069302840413e+03
6.525548387918577475e+01 2.201825347504036967e-02 1.239777984613679440e-01 5.423645689280134907e-02 2.106252777427768373e-09 9.639828019555269911e-01 2.590810224152422052e+03
6.532125229245843911e+01 2.199809717322312105e-02 1.236248224879918367e-01 5.929266111864388983e-02 2.126459149182328091e-09 9.639935034940253500e-01 2.590674698661256571e+03
6.530190604768833396e+01 2.195604961370947739e-02 1.237863467533627526e-01 5.590551059636962583e-02 2.112554579514133797e-09 9.615646914150253188e-01 2.590124085965849645e+03
6.510790632448386361e+01 2.197588659321175059e-02 1.241753033317720689e-01 6.525663439079626427e-02 2.153630968751778371e-09 9.606734911717665915e-01 2.595260439766592299e+03
6.520196138443459688e+01 2.197437626626157561e-02 1.240736082866091133e-01 6.346664989002125112e-02 2.146020545643387953e-09 9.608568070107232906e-01 2.592847631319941684e+03
6.525440260692967342e+01 2.198480386495281838e-02 1.240160055188394284e-01 5.625059880110704069e-02 2.115897584019439421e-09 9.602747397198164725e-01 2.590382836739302547e+03
6.524239294463923500e+01 2.200744921887141936e-02 1.242558736609160608e-01 6.723736484403038116e-02 2.164507508615431462e-09 9.610332713129892124e-01 2.592254814880412596e+03
6.524239294463923500e+01 2.200744921887141936e-02 1.242558736609160608e-01 6.723736484403038116e-02 2.164507508615431462e-09 9.610332713129892124e-01 2.592254814880412596e+03
6.532420872121235789e+01 2.197585266764947795e-02 1.241242554844910195e-01 6.409543516695007104e-02 2.150479362498365290e-09 9.607111216233634732e-01 2.590832271479346673e+03
6.532420872121235789e+01 2.197585266764947795e-02 1.241242554844910195e-01 6.409543516695007104e-02 2.150479362498365290e-09 9.607111216233634732e-01 2.590832271479346673e+03
6.478806889803080082e+01 2.200257739044845368e-02 1.255349445718055290e-01 4.734140346868628141e-02 2.088046032694015935e-09 9.573415219798866449e-01 2.591459345786526228e+03
6.478806889803080082e+01 2.200257739044845368e-02 1.255349445718055290e-01 4.734140346868628141e-02 2.088046032694015935e-09 9.573415219798866449e-01 2.591459345786526228e+03
6.490262442349839489e+01 2.199264848894403462e-02 1.251919761029299805e-01 4.760775095309963123e-02 2.089796225419343758e-09 9.573739389591499060e-01 2.588413227207057389e+03
6.490262442349839489e+01 2.199264848894403462e-02 1.251919761029299805e-01 4.760775095309963123e-02 2.089796225419343758e-09 9.573739389591499060e-01 2.588413227207057389e+03
6.498929786188656976e+01 2.201367364791041378e-02 1.252287606686517674e-01 5.766185266947585625e-02 2.132818599153994050e-09 9.592828253599468002e-01 2.586845648442461879e+03
6.499761032879179368e+01 2.200727073251630347e-02 1.252400096499116100e-01 5.015008774733104024e-02 2.100642786406000448e-09 9.600374592966147702e-01 2.587001501445220583e+03
6.513003027196741357e+01 2.198737522892926094e-02 1.247118766840046578e-01 5.586734358047788784e-02 2.123796804874792340e-09 9.599647295836504224e-01 2.584994776661179912e+03
6.528927501323120453e+01 2.198258505372247679e-02 1.241047033262097088e-01 6.042694232113945962e-02 2.141892780501658893e-09 9.609076499090599688e-01 2.585288223685034154e+03
6.528927501323120453e+01 2.198258505372247679e-02 1.241047033262097088e-01 6.042694232113945962e-02 2.141892780501658893e-09 9.609076499090599688e-01 2.585288223685034154e+03
6.528927501323120453e+01 2.198258505372247679e-02 1.241047033262097088e-01 6.042694232113945962e-02 2.141892780501658893e-09 9.609076499090599688e-01 2.585288223685034154e+03
6.561236699679589890e+01 2.194628954003407378e-02 1.233676624985158843e-01 7.350376489456585116e-02 2.193184665530338648e-09 9.624134039106768679e-01 2.589772729299338607e+03
6.545994248928275283e+01 2.197984996719131584e-02 1.237817884833677939e-01 6.178796999346072155e-02 2.147397464208553617e-09 9.611238396399923722e-01 2.584236707457874672e+03
6.557331182212659826e+01 2.196752399242004467e-02 1.234519170800142257e-01 6.011235780979271026e-02 2.137758298350512259e-09 9.640831104755287484e-01 2.585468986598202264e+03
6.557331182212659826e+01 2.196752399242004467e-02 1.234519170800142257e-01 6.011235780979271026e-02 2.137758298350512259e-09 9.640831104755287484e-01 2.585468986598202264e+03
6.549715965496477565e+01 2.198185400750590074e-02 1.236482250583225972e-01 4.593445746258251194e-02 2.080534944741878347e-09 9.640888068995362437e-01 2.588899335154440450e+03
6.549715965496477565e+01 2.198185400750590074e-02 1.236482250583225972e-01 4.593445746258251194e-02 2.080534944741878347e-09 9.640888068995362437e-01 2.588899335154440450e+03
6.525890612652581524e+01 2.196788281534711729e-02 1.240896230152975094e-01 4.763435666367031585e-02 2.086495985966997280e-09 9.626010128088025031e-01 2.586961470051627202e+03
6.525890612652581524e+01 2.196788281534711729e-02 1.240896230152975094e-01 4.763435666367031585e-02 2.086495985966997280e-09 9.626010128088025031e-01 2.586961470051627202e+03
6.525890612652581524e+01 2.196788281534711729e-02 1.240896230152975094e-01 4.763435666367031585e-02 2.086495985966997280e-09 9.626010128088025031e-01 2.586961470051627202e+03
6.525890612652581524e+01 2.196788281534711729e-02 1.240896230152975094e-01 4.763435666367031585e-02 2.086495985966997280e-09 9.626010128088025031e-01 2.586961470051627202e+03
6.527776696456641048e+01 2.195427372088053913e-02 1.239566233739622936e-01 4.359900373819479424e-02 2.068180611491382465e-09 9.619116945868718682e-01 2.587085450744837090e+03
6.536218213180711700e+01 2.192714934821712175e-02 1.236424176113615631e-01 4.321375237855570872e-02 2.065463082310774215e-09 9.604196462084686470e-01 2.586225377625181409e+03
6.536386118919385524e+01 2.194431036227243240e-02 1.236948154732705613e-01 6.214749209287669107e-02 2.144570040711855031e-09 9.606625935345869394e-01 2.585647753141726753e+03
6.536386118919385524e+01 2.194431036227243240e-02 1.236948154732705613e-01 6.214749209287669107e-02 2.144570040711855031e-09 9.606625935345869394e-01 2.585647753141726753e+03
6.536386118919385524e+01 2.194431036227243240e-02 1.236948154732705613e-01 6.214749209287669107e-02 2.144570040711855031e-09 9.606625935345869394e-01 2.585647753141726753e+03
6.536386118919385524e+01 2.194431036227243240e-02 1.236948154732705613e-01 6.214749209287669107e-02 2.144570040711855031e-09 9.606625935345869394e-01 2.585647753141726753e+03
6.536386118919385524e+01 2.194431036227243240e-02 1.236948154732705613e-01 6.214749209287669107e-02 2.144570040711855031e-09 9.606625935345869394e-01 2.585647753141726753e+03
6.536386118919385524e+01 2.194431036227243240e-02 1.236948154732705613e-01 6.214749209287669107e-02 2.144570040711855031e-09 9.606625935345869394e-01 2.585647753141726753e+03
6.540527016483036959e+01 2.196442365087707474e-02 1.235981751127541856e-01 7.081553704786358594e-02 2.180447817060332515e-09 9.614675804146258775e-01 2.590292123236089537e+03
6.540527016483036959e+01 2.196442365087707474e-02 1.235981751127541856e-01 7.081553704786358594e-02 2.180447817060332515e-09 9.614675804146258775e-01 2.590292123236089537e+03
6.540527016483036959e+01 2.196442365087707474e-02 1.235981751127541856e-01 7.081553704786358594e-02 2.180447817060332515e-09 9.614675804146258775e-01 2.590292123236089537e+03
6.540527016483036959e+01 2.196442365087707474e-02 1.235981751127541856e-01 7.081553704786358594e-02 2.180447817060332515e-09 9.614675804146258775e-01 2.590292123236089537e+03
6.540527016483036959e+01 2.196442365087707474e-02 1.235981751127541856e-01 7.081553704786358594e-02 2.180447817060332515e-09 9.614675804146258775e-01 2.590292123236089537e+03
6.524729085290296382e+01 2.193534223178281520e-02 1.238624058801163219e-01 6.507481435933747116e-02 2.156026201315720593e-09 9.594533378625308417e-01 2.589617130638805520e+03
6.500248497233229727e+01 2.195927440548433793e-02 1.245993688725184068e-01 6.216703926913151601e-02 2.147795651613849874e-09 9.579600291559970948e-01 2.589532426665998628e+03
6.500248497233229727e+01 2.195927440548433793e-02 1.245993688725184068e-01 6.216703926913151601e-02 2.147795651613849874e-09 9.579600291559970948e-01 2.589532426665998628e+03
6.500248497233229727e+01 2.195927440548433793e-02 1.245993688725184068e-01 6.216703926913151601e-02 2.147795651613849874e-09 9.579600291559970948e-01 2.589532426665998628e+03
6.500248497233229727e+01 2.195927440548433793e-02 1.245993688725184068e-01 6.216703926913151601e-02 2.147795651613849874e-09 9.579600291559970948e-01 2.589532426665998628e+03
6.500248497233229727e+01 2.195927440548433793e-02 1.245993688725184068e-01 6.216703926913151601e-02 2.147795651613849874e-09 9.579600291559970948e-01 2.589532426665998628e+03
6.519005020065839062e+01 2.195409879522279215e-02 1.239790355700511465e-01 5.952686375245060807e-02 2.132589962289773457e-09 9.617308264548614094e-01 2.587885559093515440e+03
6.546588170470772639e+01 2.196733683237265741e-02 1.231534891186878838e-01 6.471561401065226149e-02 2.151506123830140952e-09 9.625220084744603444e-01 2.588323894950239264e+03
6.546588170470772639e+01 2.196733683237265741e-02 1.231534891186878838e-01 6.471561401065226149e-02 2.151506123830140952e-09 9.625220084744603444e-01 2.588323894950239264e+03
6.546588170470772639e+01 2.196733683237265741e-02 1.231534891186878838e-01 6.471561401065226149e-02 2.151506123830140952e-09 9.625220084744603444e-01 2.588323894950239264e+03
6.550820521441355027e+01 2.199266608917638255e-02 1.230332348678895016e-01 6.796381731624254185e-02 2.165488355750749897e-09 9.626094129586852954e-01 2.590192894657609031e+03
6.525247465280556014e+01 2.198960898398818337e-02 1.237090042495316844e-01 6.380202954931030179e-02 2.151688874450727769e-09 9.605351131270032372e-01 2.589321433885580063e+03
6.525247465280556014e+01 2.198960898398818337e-02 1.237090042495316844e-01 6.380202954931030179e-02 2.151688874450727769e-09 9.605351131270032372e-01 2.589321433885580063e+03
6.525247465280556014e+01 2.198960898398818337e-02 1.237090042495316844e-01 6.380202954931030179e-02 2.151688874450727769e-09 9.605351131270032372e-01 2.589321433885580063e+03
6.529549966557186735e+01 2.201757939530066960e-02 1.234555356004656684e-01 6.680100397192903494e-02 2.163369194353443350e-09 9.623148430050491031e-01 2.594058120774648160e+03
6.497450361433747901e+01 2.202221525064190430e-02 1.244186640891121604e-01 4.950564771746483739e-02 2.094310186815010738e-09 9.592680506093828052e-01 2.591013722205440445e+03
6.497450361433747901e+01 2.202221525064190430e-02 1.244186640891121604e-01 4.950564771746483739e-02 2.094310186815010738e-09 9.592680506093828052e-01 2.591013722205440445e+03
6.497450361433747901e+01 2.202221525064190430e-02 1.244186640891121604e-01 4.950564771746483739e-02 2.094310186815010738e-09 9.592680506093828052e-01 2.591013722205440445e+03
6.507390591026822335e+01 2.198694394335155150e-02 1.240884339460416319e-01 4.510960930752188486e-02 2.072935032817352833e-09 9.596215878025035062e-01 2.591156957995209268e+03
6.485928347684033213e+01 2.200964777506728143e-02 1.247503962605991529e-01 4.625984596816500732e-02 2.082432357408653226e-09 9.585801100590255475e-01 2.591830605455390014e+03
6.485928347684033213e+01 2.200964777506728143e-02 1.247503962605991529e-01 4.625984596816500732e-02 2.082432357408653226e-09 9.585801100590255475e-01 2.591830605455390014e+03
6.514693360263264310e+01 2.201227009278068289e-02 1.239498828118373586e-01 4.871203140310826490e-02 2.088548170717076365e-09 9.607279750549756470e-01 2.589980638632206137e+03
6.514693360263264310e+01 2.201227009278068289e-02 1.239498828118373586e-01 4.871203140310826490e-02 2.088548170717076365e-09 9.607279750549756470e-01 2.589980638632206137e+03
6.514693360263264310e+01 2.201227009278068289e-02 1.239498828118373586e-01 4.871203140310826490e-02 2.088548170717076365e-09 9.607279750549756470e-01 2.589980638632206137e+03
6.511263554088841943e+01 2.199265558875460741e-02 1.239450449813244426e-01 4.764159053471229283e-02 2.085598013773462236e-09 9.582363486133057551e-01 2.589802778511412725e+03
6.540968029665874894e+01 2.199336161743158102e-02 1.231972893800179908e-01 5.866899267122012429e-02 2.129594265861853294e-09 9.599646312024905370e-01 2.587456573636591202e+03
6.538092353040914873e+01 2.200925423190024446e-02 1.233598223361142415e-01 5.879032757391076253e-02 2.131142747455584776e-09 9.592423497579528613e-01 2.587226087069704590e+03
6.519054697209276128e+01 2.198545918399435681e-02 1.238008645374283206e-01 5.320332585140043896e-02 2.108000550560362680e-09 9.569240175368483037e-01 2.589088891129670628e+03
6.519797579239575214e+01 2.200151354700650291e-02 1.238882530746620581e-01 4.913598926732949679e-02 2.090319885301973532e-09 9.566491274373774001e-01 2.590332869228051095e+03
6.507442589605432204e+01 2.202653193399069925e-02 1.242393203187166367e-01 6.064158686921602981e-02 2.139258116908820482e-09 9.576761943957510237e-01 2.591397363184457845e+03
6.507442589605432204e+01 2.202653193399069925e-02 1.242393203187166367e-01 6.064158686921602981e-02 2.139258116908820482e-09 9.576761943957510237e-01 2.591397363184457845e+03
6.507442589605432204e+01 2.202653193399069925e-02 1.242393203187166367e-01 6.064158686921602981e-02 2.139258116908820482e-09 9.576761943957510237e-01 2.591397363184457845e+03
6.519883836494003049e+01 2.200434548169208707e-02 1.240294990655248786e-01 5.776304370910124997e-02 2.127762412799735353e-09 9.570782537038811100e-01 2.588480939655523798e+03
6.519883836494003049e+01 2.200434548169208707e-02 1.240294990655248786e-01 5.776304370910124997e-02 2.127762412799735353e-09 9.570782537038811100e-01 2.588480939655523798e+03
6.519883836494003049e+01 2.200434548169208707e-02 1.240294990655248786e-01 5.776304370910124997e-02 2.127762412799735353e-09 9.570782537038811100e-01 2.588480939655523798e+03
6.535938234715158046e+01 2.203332500668450308e-02 1.237709083071316801e-01 6.869780373705203225e-02 2.173510881195052300e-09 9.583681755452572171e-01 2.590615685725489129e+03
6.535938234715158046e+01 2.203332500668450308e-02 1.237709083071316801e-01 6.869780373705203225e-02 2.173510881195052300e-09 9.583681755452572171e-01 2.590615685725489129e+03
6.535938234715158046e+01 2.203332500668450308e-02 1.237709083071316801e-01 6.869780373705203225e-02 2.173510881195052300e-09 9.583681755452572171e-01 2.590615685725489129e+03
6.569119639043698555e+01 2.201736073574689020e-02 1.227773064731819130e-01 6.416705155299272378e-02 2.148681073952367895e-09 9.612893520131738923e-01 2.586127302911054358e+03
6.550925436123507950e+01 2.199799791862270745e-02 1.233199612355891928e-01 4.670982681354717003e-02 2.078146174322667214e-09 9.586776036270754364e-01 2.586667012893749416e+03
6.550925436123507950e+01 2.199799791862270745e-02 1.233199612355891928e-01 4.670982681354717003e-02 2.078146174322667214e-09 9.586776036270754364e-01 2.586667012893749416e+03
6.564091957813754163e+01 2.200666137709740219e-02 1.229405008742982808e-01 4.780815940711771739e-02 2.081523333265840798e-09 9.611063483835982080e-01 2.584223785296843289e+03
6.564091957813754163e+01 2.200666137709740219e-02 1.229405008742982808e-01 4.780815940711771739e-02 2.081523333265840798e-09 9.611063483835982080e-01 2.584223785296843289e+03
6.606384721005940719e+01 2.200551810901245700e-02 1.218844713792495149e-01 6.297808669607943277e-02 2.140944499994815686e-09 9.656717292611926018e-01 2.584011438403204920e+03
6.606384721005940719e+01 2.200551810901245700e-02 1.218844713792495149e-01 6.297808669607943277e-02 2.140944499994815686e-09 9.656717292611926018e-01 2.584011438403204920e+03
6.606384721005940719e+01 2.200551810901245700e-02 1.218844713792495149e-01 6.297808669607943277e-02 2.140944499994815686e-09 9.656717292611926018e-01 2.584011438403204920e+03
6.606384721005940719e+01 2.200551810901245700e-02 1.218844713792495149e-01 6.297808669607943277e-02 2.140944499994815686e-09 9.656717292611926018e-01 2.584011438403204920e+03
6.596163974307047795e+01 2.203306559875232648e-02 1.221535002415568977e-01 5.137585856962590541e-02 2.094032618519422125e-09 9.650763375937838617e-01 2.584019549760648260e+03
6.596163974307047795e+01 2.203306559875232648e-02 1.221535002415568977e-01 5.137585856962590541e-02 2.094032618519422125e-09 9.650763375937838617e-01 2.584019549760648260e+03
6.596163974307047795e+01 2.203306559875232648e-02 1.221535002415568977e-01 5.137585856962590541e-02 2.094032618519422125e-09 9.650763375937838617e-01 2.584019549760648260e+03
6.596163974307047795e+01 2.203306559875232648e-02 1.221535002415568977e-01 5.137585856962590541e-02 2.094032618519422125e-09 9.650763375937838617e-01 2.584019549760648260e+03
6.596163974307047795e+01 2.203306559875232648e-02 1.221535002415568977e-01 5.137585856962590541e-02 2.094032618519422125e-09 9.650763375937838617e-01 2.584019549760648260e+03
6.596163974307047795e+01 2.203306559875232648e-02 1.221535002415568977e-01 5.137585856962590541e-02 2.094032618519422125e-09 9.650763375937838617e-01 2.584019549760648260e+03
6.581708715729116932e+01 2.202932345197146716e-02 1.225325287709540245e-01 5.520175577332168265e-02 2.113200090738516250e-09 9.624568941968633107e-01 2.583162074910246247e+03
6.586702970880183727e+01 2.201607270271105712e-02 1.226892379133410066e-01 4.358542589131730871e-02 2.066012756944534480e-09 9.619970513971979331e-01 2.583214219535209850e+03
6.581901989801447428e+01 2.202051320054122796e-02 1.229513376845746409e-01 4.453942363905116081e-02 2.070457400212309451e-09 9.612572339846361391e-01 2.582690967516517958e+03
6.581901989801447428e+01 2.202051320054122796e-02 1.229513376845746409e-01 4.453942363905116081e-02 2.070457400212309451e-09 9.612572339846361391e-01 2.582690967516517958e+03
6.569587069377404021e+01 2.202987390125486430e-02 1.233151382914575572e-01 5.228342037290165112e-02 2.105963103866997596e-09 9.598954707472566739e-01 2.581563071848556774e+03
6.569587069377404021e+01 2.202987390125486430e-02 1.233151382914575572e-01 5.228342037290165112e-02 2.105963103866997596e-09 9.598954707472566739e-01 2.581563071848556774e+03
6.569587069377404021e+01 2.202987390125486430e-02 1.233151382914575572e-01 5.228342037290165112e-02 2.105963103866997596e-09 9.598954707472566739e-01 2.581563071848556774e+03
6.571727874055895313e+01 2.204937978944129448e-02 1.232393426848570200e-01 5.119108073917356949e-02 2.101089141868211117e-09 9.611590609960647402e-01 2.581977330803467339e+03
6.571727874055895313e+01 2.204937978944129448e-02 1.232393426848570200e-01 5.119108073917356949e-02 2.101089141868211117e-09 9.611590609960647402e-01 2.581977330803467339e+03
6.567941203816850759e+01 2.204980623337059187e-02 1.234213233992780129e-01 5.657460074554966634e-02 2.124875118202263955e-09 9.603970945633969469e-01 2.581833682565658819e+03
6.546369609708973769e+01 2.204064078189673509e-02 1.239182913483907328e-01 4.783811181899041975e-02 2.089845849401347983e-09 9.584450426080112218e-01 2.583436210596732053e+03
6.544496350095685955e+01 2.204745539772813914e-02 1.237177745731738165e-01 5.307986105178075231e-02 2.112742553317123164e-09 9.582507808438945895e-01 2.584258063639229022e+03
6.544496350095685955e+01 2.204745539772813914e-02 1.237177745731738165e-01 5.307986105178075231e-02 2.112742553317123164e-09 9.582507808438945895e-01 2.584258063639229022e+03
6.540092938792473376e+01 2.204457848076646007e-02 1.239464497302189550e-01 5.753075000189843136e-02 2.133064811669436382e-09 9.570655294222238929e-01 2.584385564022925337e+03
6.540092938792473376e+01 2.204457848076646007e-02 1.239464497302189550e-01 5.753075000189843136e-02 2.133064811669436382e-09 9.570655294222238929e-01 2.584385564022925337e+03
6.540092938792473376e+01 2.204457848076646007e-02 1.239464497302189550e-01 5.753075000189843136e-02 2.133064811669436382e-09 9.570655294222238929e-01 2.584385564022925337e+03
6.550892247565519710e+01 2.202788658528294363e-02 1.237266395125145579e-01 6.581815942727750612e-02 2.165832413409062290e-09 9.582759388872846840e-01 2.585658560308763299e+03
6.550892247565519710e+01 2.202788658528294363e-02 1.237266395125145579e-01 6.581815942727750612e-02 2.165832413409062290e-09 9.582759388872846840e-01 2.585658560308763299e+03
6.550892247565519710e+01 2.202788658528294363e-02 1.237266395125145579e-01 6.581815942727750612e-02 2.165832413409062290e-09 9.582759388872846840e-01 2.585658560308763299e+03
6.566101748778852709e+01 2.200966339480243256e-02 1.233008264622405120e-01 5.837244374916247813e-02 2.134243812852069616e-09 9.586143814351973935e-01 2.583023368771760488e+03
6.566101748778852709e+01 2.200966339480243256e-02 1.233008264622405120e-01 5.837244374916247813e-02 2.134243812852069616e-09 9.586143814351973935e-01 2.583023368771760488e+03
6.566101748778852709e+01 2.200966339480243256e-02 1.233008264622405120e-01 5.837244374916247813e-02 2.134243812852069616e-09 9.586143814351973935e-01 2.583023368771760488e+03
6.560163827874195874e+01 2.202418709373946473e-02 1.233686377459430467e-01 7.182554749917720305e-02 2.189912142920352838e-09 9.593630365662121351e-01 2.588852661839740449e+03
6.523864932801882333e+01 2.202930908305557323e-02 1.243094451794876792e-01 6.638294987610840470e-02 2.169686553618657841e-09 9.577037028797846796e-01 2.587733045675457561e+03
6.533814700442644607e+01 2.200659086829896346e-02 1.239138581443064158e-01 6.024530348602194496e-02 2.141309369556147919e-09 9.585802931199024490e-01 2.584834101965693208e+03
6.552561564085664259e+01 2.199201323133001887e-02 1.235042524044439594e-01 6.325250629776849043e-02 2.152722057217036919e-09 9.589045412305906568e-01 2.584515591943696109e+03
6.525124630699656336e+01 2.199009280629206017e-02 1.241622162714070277e-01 5.469652064695385701e-02 2.119856622954610975e-09 9.578183923262847399e-01 2.584252702950920138e+03
6.525124630699656336e+01 2.199009280629206017e-02 1.241622162714070277e-01 5.469652064695385701e-02 2.119856622954610975e-09 9.578183923262847399e-01 2.584252702950920138e+03
6.551794707362027737e+01 2.201275769747526243e-02 1.235172633739645559e-01 6.315679119881226211e-02 2.153445345126148857e-09 9.595767335067167947e-01 2.584820045121368821e+03
6.540814392676023203e+01 2.203741260676046060e-02 1.240547643131561378e-01 5.212134667418028694e-02 2.110224691538011845e-09 9.590332464458167783e-01 2.583634599453097053e+03
6.540814392676023203e+01 2.203741260676046060e-02 1.240547643131561378e-01 5.212134667418028694e-02 2.110224691538011845e-09 9.590332464458167783e-01 2.583634599453097053e+03
6.540814392676023203e+01 2.203741260676046060e-02 1.240547643131561378e-01 5.212134667418028694e-02 2.110224691538011845e-09 9.590332464458167783e-01 2.583634599453097053e+03
6.540814392676023203e+01 2.203741260676046060e-02 1.240547643131561378e-01 5.212134667418028694e-02 2.110224691538011845e-09 9.590332464458167783e-01 2.583634599453097053e+03
6.540814392676023203e+01 2.203741260676046060e-02 1.240547643131561378e-01 5.212134667418028694e-02 2.110224691538011845e-09 9.590332464458167783e-01 2.583634599453097053e+03
6.540814392676023203e+01 2.203741260676046060e-02 1.240547643131561378e-01 5.212134667418028694e-02 2.110224691538011845e-09 9.590332464458167783e-01 2.583634599453097053e+03
6.553607965371553234e+01 2.198826847434252191e-02 1.234276843327330314e-01 4.917628503675443297e-02 2.093862019997443131e-09 9.596417908195488122e-01 2.583247542116759632e+03
6.562321809319053045e+01 2.195520513668965112e-02 1.233135998037463710e-01 4.838846835052359324e-02 2.087796615513660635e-09 9.605028118068907883e-01 2.582462462777841210e+03
6.562321809319053045e+01 2.195520513668965112e-02 1.233135998037463710e-01 4.838846835052359324e-02 2.087796615513660635e-09 9.605028118068907883e-01 2.582462462777841210e+03
6.560030626270064147e+01 2.196916820408379920e-02 1.233651027174214321e-01 4.997870300185595915e-02 2.094004930811154243e-09 9.617510822855954711e-01 2.582302220547306206e+03
6.571493727990153388e+01 2.198587145619399288e-02 1.229155273471139037e-01 4.962712528784750388e-02 2.090144242044091350e-09 9.641533984974848259e-01 2.583863069564752550e+03
6.571493727990153388e+01 2.198587145619399288e-02 1.229155273471139037e-01 4.962712528784750388e-02 2.090144242044091350e-09 9.641533984974848259e-01 2.583863069564752550e+03
6.571493727990153388e+01 2.198587145619399288e-02 1.229155273471139037e-01 4.962712528784750388e-02 2.090144242044091350e-09 9.641533984974848259e-01 2.583863069564752550e+03
6.581222820919012406e+01 2.199739285325368401e-02 1.226515723765617960e-01 4.809774402208169541e-02 2.084335703542237745e-09 9.641683479576323990e-01 2.584663360029725482e+03
6.569924943126086703e+01 2.200259647568146570e-02 1.229646689173361090e-01 4.421572971760694137e-02 2.068324557601902689e-09 9.635669934129783565e-01 2.585276600141141444e+03
6.569924943126086703e+01 2.200259647568146570e-02 1.229646689173361090e-01 4.421572971760694137e-02 2.068324557601902689e-09 9.635669934129783565e-01 2.585276600141141444e+03
6.569924943126086703e+01 2.200259647568146570e-02 1.229646689173361090e-01 4.421572971760694137e-02 2.068324557601902689e-09 9.635669934129783565e-01 2.585276600141141444e+03
6.569924943126086703e+01 2.200259647568146570e-02 1.229646689173361090e-01 4.421572971760694137e-02 2.068324557601902689e-09 9.635669934129783565e-01 2.585276600141141444e+03
6.563155549194391369e+01 2.200692528988375252e-02 1.234009392750823886e-01 4.180955869942131614e-02 2.060137026329893182e-09 9.629141516008269397e-01 2.585351370005336776e+03
6.601695147199039582e+01 2.201968976897539232e-02 1.223489268883895947e-01 6.097071209073398612e-02 2.134753788795030724e-09 9.685353633199379475e-01 2.588017840873152636e+03
6.601695147199039582e+01 2.201968976897539232e-02 1.223489268883895947e-01 6.097071209073398612e-02 2.134753788795030724e-09 9.685353633199379475e-01 2.588017840873152636e+03
6.601695147199039582e+01 2.201968976897539232e-02 1.223489268883895947e-01 6.097071209073398612e-02 2.134753788795030724e-09 9.685353633199379475e-01 2.588017840873152636e+03
6.602436331469513675e+01 2.203682098740207193e-02 1.224565604760606830e-01 6.200153185232762376e-02 2.137539788465154522e-09 9.698819226993028453e-01 2.589713349447068595e+03
6.621691930971479678e+01 2.201980616307009850e-02 1.218595545490350346e-01 6.366022251278991018e-02 2.142314079623540793e-09 9.716425498351710655e-01 2.592296494899482241e+03
6.613610044727617776e+01 2.200855650733182095e-02 1.222375965826313915e-01 7.111765211700363243e-02 2.176852730230113733e-09 9.697494715015153588e-01 2.591983596114018837e+03
6.587739726614677238e+01 2.199596194725622622e-02 1.228776592382343491e-01 5.271375563386245661e-02 2.101913881259201484e-09 9.678993158102533467e-01 2.586638247980043161e+03
6.583138207242700446e+01 2.199775756294641144e-02 1.231097082537100096e-01 4.949661050830242437e-02 2.090459650541546181e-09 9.660650579302008101e-01 2.584509484643437645e+03
6.627054576206380432e+01 2.193262961908089975e-02 1.220186878302208094e-01 4.884820271461811497e-02 2.082035582236080267e-09 9.688717400385528089e-01 2.584334017287641927e+03
6.627054576206380432e+01 2.193262961908089975e-02 1.220186878302208094e-01 4.884820271461811497e-02 2.082035582236080267e-09 9.688717400385528089e-01 2.584334017287641927e+03
6.627054576206380432e+01 2.193262961908089975e-02 1.220186878302208094e-01 4.884820271461811497e-02 2.082035582236080267e-09 9.688717400385528089e-01 2.584334017287641927e+03
6.639703420234272357e+01 2.189267768157759225e-02 1.217705670524953376e-01 4.267723704437324794e-02 2.055452556397399923e-09 9.679242423988865252e-01 2.585927128967329736e+03
6.639703420234272357e+01 2.189267768157759225e-02 1.217705670524953376e-01 4.267723704437324794e-02 2.055452556397399923e-09 9.679242423988865252e-01 2.585927128967329736e+03
6.639703420234272357e+01 2.189267768157759225e-02 1.217705670524953376e-01 4.267723704437324794e-02 2.055452556397399923e-09 9.679242423988865252e-01 2.585927128967329736e+03
6.651968106673699310e+01 2.185968279575696560e-02 1.214723321253589339e-01 4.663967709823133023e-02 2.068589714922200624e-09 9.679569053970589199e-01 2.586495217263460290e+03
6.664770640401087576e+01 2.188074563464091279e-02 1.211510848038994254e-01 7.039571647230000173e-02 2.168092098628400493e-09 9.691445858149451142e-01 2.588778014252799949e+03
6.664770640401087576e+01 2.188074563464091279e-02 1.211510848038994254e-01 7.039571647230000173e-02 2.168092098628400493e-09 9.691445858149451142e-01 2.588778014252799949e+03
6.664770640401087576e+01 2.188074563464091279e-02 1.211510848038994254e-01 7.039571647230000173e-02 2.168092098628400493e-09 9.691445858149451142e-01 2.588778014252799949e+03
6.664770640401087576e+01 2.188074563464091279e-02 1.211510848038994254e-01 7.039571647230000173e-02 2.168092098628400493e-09 9.691445858149451142e-01 2.588778014252799949e+03
6.676355764689014904e+01 2.189696303398464342e-02 1.209055896102697314e-01 6.078449617625712731e-02 2.128809657446603824e-09 9.692671128591223706e-01 2.584273117274653032e+03
6.678997286706713510e+01 2.186618825530608351e-02 1.208012739575092115e-01 5.112549361272482329e-02 2.086256708454675465e-09 9.703350749364176853e-01 2.585107120291990668e+03
6.678997286706713510e+01 2.186618825530608351e-02 1.208012739575092115e-01 5.112549361272482329e-02 2.086256708454675465e-09 9.703350749364176853e-01 2.585107120291990668e+03
6.678997286706713510e+01 2.186618825530608351e-02 1.208012739575092115e-01 5.112549361272482329e-02 2.086256708454675465e-09 9.703350749364176853e-01 2.585107120291990668e+03
6.678997286706713510e+01 2.186618825530608351e-02 1.208012739575092115e-01 5.112549361272482329e-02 2.086256708454675465e-09 9.703350749364176853e-01 2.585107120291990668e+03
6.678997286706713510e+01 2.186618825530608351e-02 1.208012739575092115e-01 5.112549361272482329e-02 2.086256708454675465e-09 9.703350749364176853e-01 2.585107120291990668e+03
6.678027842828754501e+01 2.187491000230659677e-02 1.209206227046603632e-01 5.281014947749665400e-02 2.091140421269097396e-09 9.721565044214597329e-01 2.586916409787263547e+03
6.641235902786732481e+01 2.186954793180655512e-02 1.218022998970716558e-01 3.946780421560146940e-02 2.039184800461587734e-09 9.683738443931336759e-01 2.590700911179749255e+03
6.651452481979886500e+01 2.187851958866900148e-02 1.215056861083221584e-01 4.803575872342182723e-02 2.074907538409467365e-09 9.686089726807645128e-01 2.585163254190199041e+03
6.651452481979886500e+01 2.187851958866900148e-02 1.215056861083221584e-01 4.803575872342182723e-02 2.074907538409467365e-09 9.686089726807645128e-01 2.585163254190199041e+03
6.651452481979886500e+01 2.187851958866900148e-02 1.215056861083221584e-01 4.803575872342182723e-02 2.074907538409467365e-09 9.686089726807645128e-01 2.585163254190199041e+03
6.658094005370871571e+01 2.187021221850328490e-02 1.213532491377785627e-01 5.061467126274922512e-02 2.085212052826989327e-09 9.686408447718058978e-01 2.584987788312168050e+03
6.647321503706254475e+01 2.189487494712088339e-02 1.216097981583841720e-01 5.216150884338226906e-02 2.093362328338571483e-09 9.678322585266617706e-01 2.583440992045291750e+03
6.622333616062148565e+01 2.192576138271464664e-02 1.224336835440460319e-01 6.246281419423067166e-02 2.142092501748221372e-09 9.656258226571958758e-01 2.584664341023346424e+03
6.622333616062148565e+01 2.192576138271464664e-02 1.224336835440460319e-01 6.246281419423067166e-02 2.142092501748221372e-09 9.656258226571958758e-01 2.584664341023346424e+03
6.622333616062148565e+01 2.192576138271464664e-02 1.224336835440460319e-01 6.246281419423067166e-02 2.142092501748221372e-09 9.656258226571958758e-01 2.584664341023346424e+03
6.622333616062148565e+01 2.192576138271464664e-02 1.224336835440460319e-01 6.246281419423067166e-02 2.142092501748221372e-09 9.656258226571958758e-01 2.584664341023346424e+03
6.634211748380167251e+01 2.195143208607511914e-02 1.221983235231325349e-01 6.273253957362494304e-02 2.140066641536527235e-09 9.683267855528361334e-01 2.585548263705001318e+03
6.634211748380167251e+01 2.195143208607511914e-02 1.221983235231325349e-01 6.273253957362494304e-02 2.140066641536527235e-09 9.683267855528361334e-01 2.585548263705001318e+03
6.634211748380167251e+01 2.195143208607511914e-02 1.221983235231325349e-01 6.273253957362494304e-02 2.140066641536527235e-09 9.683267855528361334e-01 2.585548263705001318e+03
6.623166873345468275e+01 2.191663123339151337e-02 1.221387997708662104e-01 6.278075672943117524e-02 2.139241455239331595e-09 9.665251087638513372e-01 2.584207767886273359e+03
6.623166873345468275e+01 2.191663123339151337e-02 1.221387997708662104e-01 6.278075672943117524e-02 2.139241455239331595e-09 9.665251087638513372e-01 2.584207767886273359e+03
6.606395064998039857e+01 2.188417506745357968e-02 1.223848100926427374e-01 5.165962585459511758e-02 2.093540848015320381e-09 9.637102618915500685e-01 2.584310760575307995e+03
6.592640465937769534e+01 2.188872254538228035e-02 1.226834814384903521e-01 5.409769337060832406e-02 2.103810515250081841e-09 9.641433340930155582e-01 2.584289923483882376e+03
6.588200201902401432e+01 2.192491649169378901e-02 1.229137783864719113e-01 6.683438403751426615e-02 2.157760705977128956e-09 9.656211535842166294e-01 2.587630046318119639e+03
6.586436443218559589e+01 2.191552640534234417e-02 1.227585055584058532e-01 6.062819640509826968e-02 2.128229215095430296e-09 9.671283622562995008e-01 2.586757394772022508e+03
6.574050776049287492e+01 2.191798738873459301e-02 1.231433455814584382e-01 4.610298975643285779e-02 2.070529511647072495e-09 9.656016957639349529e-01 2.586549121180409202e+03
6.574050776049287492e+01 2.191798738873459301e-02 1.231433455814584382e-01 4.610298975643285779e-02 2.070529511647072495e-09 9.656016957639349529e-01 2.586549121180409202e+03
6.581889367998279283e+01 2.191756382229601702e-02 1.228150416897883790e-01 6.092335319692156193e-02 2.131474132017809368e-09 9.659197859294410549e-01 2.585166661373934858e+03
6.549200476613104627e+01 2.189813407443512785e-02 1.236963171111128967e-01 4.044711871395782060e-02 2.051397349281978848e-09 9.616962583450336943e-01 2.589289368065313283e+03
6.547993297594821627e+01 2.189193805402258469e-02 1.238826699637052969e-01 4.411991547594886626e-02 2.068214095109379724e-09 9.610766162762031106e-01 2.588018999927393452e+03
6.547993297594821627e+01 2.189193805402258469e-02 1.238826699637052969e-01 4.411991547594886626e-02 2.068214095109379724e-09 9.610766162762031106e-01 2.588018999927393452e+03
6.547993297594821627e+01 2.189193805402258469e-02 1.238826699637052969e-01 4.411991547594886626e-02 2.068214095109379724e-09 9.610766162762031106e-01 2.588018999927393452e+03
6.547993297594821627e+01 2.189193805402258469e-02 1.238826699637052969e-01 4.411991547594886626e-02 2.068214095109379724e-09 9.610766162762031106e-01 2.588018999927393452e+03
6.547993297594821627e+01 2.189193805402258469e-02 1.238826699637052969e-01 4.411991547594886626e-02 2.068214095109379724e-09 9.610766162762031106e-01 2.588018999927393452e+03
6.547993297594821627e+01 2.189193805402258469e-02 1.238826699637052969e-01 4.411991547594886626e-02 2.068214095109379724e-09 9.610766162762031106e-01 2.588018999927393452e+03
6.552473299082329561e+01 2.191686129761783591e-02 1.235775715443420131e-01 6.059539787436917652e-02 2.136131208866105322e-09 9.628594924899885887e-01 2.584593446260295877e+03
6.578600462643478863e+01 2.187357446516847992e-02 1.227234204327825040e-01 5.382348986805980673e-02 2.102885948734602586e-09 9.632236123704390751e-01 2.583964968323869471e+03
6.578600462643478863e+01 2.187357446516847992e-02 1.227234204327825040e-01 5.382348986805980673e-02 2.102885948734602586e-09 9.632236123704390751e-01 2.583964968323869471e+03
6.578600462643478863e+01 2.187357446516847992e-02 1.227234204327825040e-01 5.382348986805980673e-02 2.102885948734602586e-09 9.632236123704390751e-01 2.583964968323869471e+03
6.578600462643478863e+01 2.187357446516847992e-02 1.227234204327825040e-01 5.382348986805980673e-02 2.102885948734602586e-09 9.632236123704390751e-01 2.583964968323869471e+03
6.581793554929821255e+01 2.186945803039444525e-02 1.226060335910927057e-01 5.671312761821495352e-02 2.115029315484962587e-09 9.632892164594939466e-01 2.583606168802730281e+03
6.638545212601815138e+01 2.181561152524593913e-02 1.210651725017739544e-01 5.215963699410597343e-02 2.088140498042629222e-09 9.663230855129120167e-01 2.584464759604572009e+03
6.638545212601815138e+01 2.181561152524593913e-02 1.210651725017739544e-01 5.215963699410597343e-02 2.088140498042629222e-09 9.663230855129120167e-01 2.584464759604572009e+03
6.656486522727728072e+01 2.185641243412418319e-02 1.207560743275965104e-01 5.681472086064421473e-02 2.108432031757031786e-09 9.683429488095350868e-01 2.581844894332342847e+03
6.646168028994803478e+01 2.183254573322710237e-02 1.210363007625944731e-01 5.323466371084112359e-02 2.094607392521091228e-09 9.654273861194110351e-01 2.583826035076063818e+03
6.646168028994803478e+01 2.183254573322710237e-02 1.210363007625944731e-01 5.323466371084112359e-02 2.094607392521091228e-09 9.654273861194110351e-01 2.583826035076063818e+03
6.641378754345977597e+01 2.183957847105316707e-02 1.212353553880067825e-01 5.668023997829244043e-02 2.110785898176802778e-09 9.665028265127181273e-01 2.582405796436165019e+03
6.641378754345977597e+01 2.183957847105316707e-02 1.212353553880067825e-01 5.668023997829244043e-02 2.110785898176802778e-09 9.665028265127181273e-01 2.582405796436165019e+03
6.641378754345977597e+01 2.183957847105316707e-02 1.212353553880067825e-01 5.668023997829244043e-02 2.110785898176802778e-09 9.665028265127181273e-01 2.582405796436165019e+03
6.637712685135878132e+01 2.185580458392327730e-02 1.215645838887993435e-01 5.045027049444904960e-02 2.085117367471846536e-09 9.664774618348600521e-01 2.583736656898953242e+03
6.637712685135878132e+01 2.185580458392327730e-02 1.215645838887993435e-01 5.045027049444904960e-02 2.085117367471846536e-09 9.664774618348600521e-01 2.583736656898953242e+03
6.637712685135878132e+01 2.185580458392327730e-02 1.215645838887993435e-01 5.045027049444904960e-02 2.085117367471846536e-09 9.664774618348600521e-01 2.583736656898953242e+03
6.637712685135878132e+01 2.185580458392327730e-02 1.215645838887993435e-01 5.045027049444904960e-02 2.085117367471846536e-09 9.664774618348600521e-01 2.583736656898953242e+03
6.619168370466459805e+01 2.183044229282437437e-02 1.218472587103699711e-01 4.749414199158072392e-02 2.073306086306217430e-09 9.637161679402329595e-01 2.587208115640061806e+03
6.638343005400187735e+01 2.180410865483861996e-02 1.212398639774501657e-01 5.688085731805384015e-02 2.108898093969088855e-09 9.659736639786772328e-01 2.585809436972146614e+03
6.617239587472742812e+01 2.180903110938077483e-02 1.216506860745149854e-01 5.692936622263711915e-02 2.109950028252747703e-09 9.656188204251644480e-01 2.585489999216345950e+03
6.641788954487934404e+01 2.177556605833720627e-02 1.205931156735615545e-01 6.666004614755463575e-02 2.146788590649746558e-09 9.669182495411192679e-01 2.587968987785674017e+03
6.641788954487934404e+01 2.177556605833720627e-02 1.205931156735615545e-01 6.666004614755463575e-02 2.146788590649746558e-09 9.669182495411192679e-01 2.587968987785674017e+03
6.645263434098087885e+01 2.177838277194315761e-02 1.205749803771217349e-01 6.738389482822292054e-02 2.152130571029099481e-09 9.664962125656787473e-01 2.587201466357211302e+03
6.645263434098087885e+01 2.177838277194315761e-02 1.205749803771217349e-01 6.738389482822292054e-02 2.152130571029099481e-09 9.664962125656787473e-01 2.587201466357211302e+03
6.645263434098087885e+01 2.177838277194315761e-02 1.205749803771217349e-01 6.738389482822292054e-02 2.152130571029099481e-09 9.664962125656787473e-01 2.587201466357211302e+03
6.630408032053769318e+01 2.180135603585695719e-02 1.210845585559288534e-01 5.506770322511489457e-02 2.103468707618452943e-09 9.653233366906959212e-01 2.582981338491348197e+03
6.630408032053769318e+01 2.180135603585695719e-02 1.210845585559288534e-01 5.506770322511489457e-02 2.103468707618452943e-09 9.653233366906959212e-01 2.582981338491348197e+03
6.625702954911011489e+01 2.182013685174728421e-02 1.212756201343059004e-01 7.046699866684122404e-02 2.168943830556630161e-09 9.662066736862905403e-01 2.587506060610146051e+03
6.635654865699447669e+01 2.182436848694549458e-02 1.208586540939742271e-01 6.797701702288623526e-02 2.158317578236422419e-09 9.662493774400149338e-01 2.586173173538796618e+03
6.618887003213521325e+01 2.183814371431902490e-02 1.215069839847959243e-01 4.977883257482455803e-02 2.085906800986742615e-09 9.639775323875595658e-01 2.582464266251458412e+03
6.618887003213521325e+01 2.183814371431902490e-02 1.215069839847959243e-01 4.977883257482455803e-02 2.085906800986742615e-09 9.639775323875595658e-01 2.582464266251458412e+03
6.605280960766721421e+01 2.188653174840845400e-02 1.219693083758727897e-01 5.691367805052113121e-02 2.120074953966819928e-09 9.637492356053111164e-01 2.582595517246263626e+03
6.605280960766721421e+01 2.188653174840845400e-02 1.219693083758727897e-01 5.691367805052113121e-02 2.120074953966819928e-09 9.637492356053111164e-01 2.582595517246263626e+03
6.603004753880273370e+01 2.191383036205574175e-02 1.220648849326923385e-01 5.775245979950002773e-02 2.125261489929756628e-09 9.645518600226388184e-01 2.584907063980582734e+03
6.594787170849957647e+01 2.190220481551907739e-02 1.222172239387022963e-01 5.276936241175649023e-02 2.105098795736231492e-09 9.634711204494520453e-01 2.584270597731564521e+03
6.568094390920616377e+01 2.188512111702930682e-02 1.229649822278845311e-01 5.373441417974861994e-02 2.113648464707924720e-09 9.602246207656681687e-01 2.583929254136786312e+03
6.568094390920616377e+01 2.188512111702930682e-02 1.229649822278845311e-01 5.373441417974861994e-02 2.113648464707924720e-09 9.602246207656681687e-01 2.583929254136786312e+03
6.568094390920616377e+01 2.188512111702930682e-02 1.229649822278845311e-01 5.373441417974861994e-02 2.113648464707924720e-09 9.602246207656681687e-01 2.583929254136786312e+03
6.566041221348099555e+01 2.185804516269257425e-02 1.229155840122729132e-01 5.883842743537682357e-02 2.134185587698367515e-09 9.596212735180223996e-01 2.584293458288664624e+03
6.566041221348099555e+01 2.185804516269257425e-02 1.229155840122729132e-01 5.883842743537682357e-02 2.134185587698367515e-09 9.596212735180223996e-01 2.584293458288664624e+03
6.566041221348099555e+01 2.185804516269257425e-02 1.229155840122729132e-01 5.883842743537682357e-02 2.134185587698367515e-09 9.596212735180223996e-01 2.584293458288664624e+03
6.566041221348099555e+01 2.185804516269257425e-02 1.229155840122729132e-01 5.883842743537682357e-02 2.134185587698367515e-09 9.596212735180223996e-01 2.584293458288664624e+03
6.566041221348099555e+01 2.185804516269257425e-02 1.229155840122729132e-01 5.883842743537682357e-02 2.134185587698367515e-09 9.596212735180223996e-01 2.584293458288664624e+03
6.566041221348099555e+01 2.185804516269257425e-02 1.229155840122729132e-01 5.883842743537682357e-02 2.134185587698367515e-09 9.596212735180223996e-01 2.584293458288664624e+03
6.565540807203757367e+01 2.182771144549015829e-02 1.227975694771368947e-01 6.380278720401134918e-02 2.151927972884295547e-09 9.590004183602176546e-01 2.586568809584393875e+03
6.563634042098715327e+01 2.182554273589529942e-02 1.227845415566830578e-01 5.255157276882359979e-02 2.104812816135293108e-09 9.595438119743880945e-01 2.584082080544723340e+03
6.563634042098715327e+01 2.182554273589529942e-02 1.227845415566830578e-01 5.255157276882359979e-02 2.104812816135293108e-09 9.595438119743880945e-01 2.584082080544723340e+03
6.575669875114215301e+01 2.182213828757685603e-02 1.226637186814349134e-01 4.613879179632571215e-02 2.076681974372598516e-09 9.619314151370990107e-01 2.583968333209988941e+03
6.575669875114215301e+01 2.182213828757685603e-02 1.226637186814349134e-01 4.613879179632571215e-02 2.076681974372598516e-09 9.619314151370990107e-01 2.583968333209988941e+03
6.573904433027310290e+01 2.182898089092135882e-02 1.226485258685516555e-01 5.017183503891224639e-02 2.093112632805538096e-09 9.627976115151601899e-01 2.583241744406620001e+03
6.573904433027310290e+01 2.182898089092135882e-02 1.226485258685516555e-01 5.017183503891224639e-02 2.093112632805538096e-09 9.627976115151601899e-01 2.583241744406620001e+03
6.546128983528178935e+01 2.183610465805638570e-02 1.233868911047106970e-01 5.076862900907925386e-02 2.098073262031204466e-09 9.615363708284572208e-01 2.583551909830816385e+03
6.557054719264895937e+01 2.181838478393816061e-02 1.231825868898024368e-01 6.074021709160035837e-02 2.140548037636120853e-09 9.609256896360304223e-01 2.584215296116068203e+03
6.557054719264895937e+01 2.181838478393816061e-02 1.231825868898024368e-01 6.074021709160035837e-02 2.140548037636120853e-09 9.609256896360304223e-01 2.584215296116068203e+03
6.557054719264895937e+01 2.181838478393816061e-02 1.231825868898024368e-01 6.074021709160035837e-02 2.140548037636120853e-09 9.609256896360304223e-01 2.584215296116068203e+03
6.557054719264895937e+01 2.181838478393816061e-02 1.231825868898024368e-01 6.074021709160035837e-02 2.140548037636120853e-09 9.609256896360304223e-01 2.584215296116068203e+03
6.557054719264895937e+01 2.181838478393816061e-02 1.231825868898024368e-01 6.074021709160035837e-02 2.140548037636120853e-09 9.609256896360304223e-01 2.584215296116068203e+03
6.558521416529056580e+01 2.179566210037309909e-02 1.230894215210552728e-01 5.217507768505857957e-02 2.103394175718259744e-09 9.600079594654405968e-01 2.584121853016441037e+03
6.571358976668014407e+01 2.180433229201455061e-02 1.229060621564475458e-01 5.063928879167620134e-02 2.097510648892507242e-09 9.615038454553140879e-01 2.583611592428176209e+03
6.571358976668014407e+01 2.180433229201455061e-02 1.229060621564475458e-01 5.063928879167620134e-02 2.097510648892507242e-09 9.615038454553140879e-01 2.583611592428176209e+03
6.573711413156904371e+01 2.180411500832549199e-02 1.228558189343584156e-01 5.038052461934008214e-02 2.094861660181875813e-09 9.611573162397653025e-01 2.583752516272446428e+03
6.573711413156904371e+01 2.180411500832549199e-02 1.228558189343584156e-01 5.038052461934008214e-02 2.094861660181875813e-09 9.611573162397653025e-01 2.583752516272446428e+03
6.575411592808700334e+01 2.180762580003393208e-02 1.228283245079813263e-01 5.589138072406521496e-02 2.117807392756919265e-09 9.615510994399460998e-01 2.583369984579973334e+03
6.575411592808700334e+01 2.180762580003393208e-02 1.228283245079813263e-01 5.589138072406521496e-02 2.117807392756919265e-09 9.615510994399460998e-01 2.583369984579973334e+03
6.575411592808700334e+01 2.180762580003393208e-02 1.228283245079813263e-01 5.589138072406521496e-02 2.117807392756919265e-09 9.615510994399460998e-01 2.583369984579973334e+03
6.560763004557782097e+01 2.180860494781515849e-02 1.232468879112153803e-01 5.927269480415452846e-02 2.133838985986434462e-09 9.599776766825273144e-01 2.584925083853377146e+03
6.560763004557782097e+01 2.180860494781515849e-02 1.232468879112153803e-01 5.927269480415452846e-02 2.133838985986434462e-09 9.599776766825273144e-01 2.584925083853377146e+03
6.549578918889692147e+01 2.180192099336383110e-02 1.233992932930692149e-01 5.509962234376478141e-02 2.115531557770473578e-09 9.594235667322128513e-01 2.585192459098286236e+03
6.549578918889692147e+01 2.180192099336383110e-02 1.233992932930692149e-01 5.509962234376478141e-02 2.115531557770473578e-09 9.594235667322128513e-01 2.585192459098286236e+03
6.549578918889692147e+01 2.180192099336383110e-02 1.233992932930692149e-01 5.509962234376478141e-02 2.115531557770473578e-09 9.594235667322128513e-01 2.585192459098286236e+03
6.534134726588553121e+01 2.180724042789289677e-02 1.238467885860208562e-01 5.001369175052670923e-02 2.095133789584833201e-09 9.586751360404712763e-01 2.586721207922328631e+03
6.560834570641696928e+01 2.178601798696245748e-02 1.230122351240504203e-01 5.301118186175509533e-02 2.102880247016326607e-09 9.623404749020286753e-01 2.584267393312688000e+03
6.560834570641696928e+01 2.178601798696245748e-02 1.230122351240504203e-01 5.301118186175509533e-02 2.102880247016326607e-09 9.623404749020286753e-01 2.584267393312688000e+03
6.560834570641696928e+01 2.178601798696245748e-02 1.230122351240504203e-01 5.301118186175509533e-02 2.102880247016326607e-09 9.623404749020286753e-01 2.584267393312688000e+03
6.560834570641696928e+01 2.178601798696245748e-02 1.230122351240504203e-01 5.301118186175509533e-02 2.102880247016326607e-09 9.623404749020286753e-01 2.584267393312688000e+03
6.560834570641696928e+01 2.178601798696245748e-02 1.230122351240504203e-01 5.301118186175509533e-02 2.102880247016326607e-09 9.623404749020286753e-01 2.584267393312688000e+03
6.560834570641696928e+01 2.178601798696245748e-02 1.230122351240504203e-01 5.301118186175509533e-02 2.102880247016326607e-09 9.623404749020286753e-01 2.584267393312688000e+03
6.560834570641696928e+01 2.178601798696245748e-02 1.230122351240504203e-01 5.301118186175509533e-02 2.102880247016326607e-09 9.623404749020286753e-01 2.584267393312688000e+03
6.551146838723101951e+01 2.182058643334634437e-02 1.231851832505548305e-01 5.945477983506431557e-02 2.131699642281822015e-09 9.620191444883555709e-01 2.584189414152283007e+03
6.551146838723101951e+01 2.182058643334634437e-02 1.231851832505548305e-01 5.945477983506431557e-02 2.131699642281822015e-09 9.620191444883555709e-01 2.584189414152283007e+03
6.551146838723101951e+01 2.182058643334634437e-02 1.231851832505548305e-01 5.945477983506431557e-02 2.131699642281822015e-09 9.620191444883555709e-01 2.584189414152283007e+03
6.551146838723101951e+01 2.182058643334634437e-02 1.231851832505548305e-01 5.945477983506431557e-02 2.131699642281822015e-09 9.620191444883555709e-01 2.584189414152283007e+03
6.551146838723101951e+01 2.182058643334634437e-02 1.231851832505548305e-01 5.945477983506431557e-02 2.131699642281822015e-09 9.620191444883555709e-01 2.584189414152283007e+03
6.551146838723101951e+01 2.182058643334634437e-02 1.231851832505548305e-01 5.945477983506431557e-02 2.131699642281822015e-09 9.620191444883555709e-01 2.584189414152283007e+03
6.543141587359340861e+01 2.181366352550122290e-02 1.234438447426654123e-01 5.347659101487058086e-02 2.106794614549853174e-09 9.613479735538342785e-01 2.584292324518525675e+03
6.545777104144636382e+01 2.185740378196729394e-02 1.235623494974568970e-01 3.977481908582713999e-02 2.051506507449679382e-09 9.632139509943857814e-01 2.587558790264392883e+03
6.572608151563275669e+01 2.182240182417709631e-02 1.229620680163978491e-01 3.963231528544624432e-02 2.045923947470463407e-09 9.647842493662959207e-01 2.588076523431092028e+03
6.593115374286053054e+01 2.182934416640371078e-02 1.224530627617504003e-01 6.694785160181973560e-02 2.158286223080379359e-09 9.661794770519583908e-01 2.586676825845098392e+03
6.568648710498042931e+01 2.183029652660664621e-02 1.230221930714433393e-01 5.973539508372767426e-02 2.130864816524633110e-09 9.636518247662840819e-01 2.584116574003827282e+03
6.575986706112372815e+01 2.181434953430585327e-02 1.225048772090887722e-01 4.949243287703328914e-02 2.087235556804774994e-09 9.622917854280238492e-01 2.583540291749223798e+03
6.569891002821752579e+01 2.182109927107197395e-02 1.225919867806879587e-01 5.137230451193875586e-02 2.096673644387220014e-09 9.623211147854514591e-01 2.583286080105483961e+03
6.557874786183016624e+01 2.184348609944046157e-02 1.229108394102245705e-01 4.414377599388304152e-02 2.066996039451463175e-09 9.622160844910256916e-01 2.585162562905881714e+03
6.557874786183016624e+01 2.184348609944046157e-02 1.229108394102245705e-01 4.414377599388304152e-02 2.066996039451463175e-09 9.622160844910256916e-01 2.585162562905881714e+03
6.557874786183016624e+01 2.184348609944046157e-02 1.229108394102245705e-01 4.414377599388304152e-02 2.066996039451463175e-09 9.622160844910256916e-01 2.585162562905881714e+03
6.547063698401923659e+01 2.185221056266591425e-02 1.230534016507462275e-01 4.512240028900187105e-02 2.072332026188339085e-09 9.615523663864223858e-01 2.585849172974585144e+03
6.547063698401923659e+01 2.185221056266591425e-02 1.230534016507462275e-01 4.512240028900187105e-02 2.072332026188339085e-09 9.615523663864223858e-01 2.585849172974585144e+03
6.549552679650648201e+01 2.182431695960244250e-02 1.227901534932134969e-01 4.799629157896521253e-02 2.081527830189348671e-09 9.614832699230319024e-01 2.585956210720213221e+03
6.523983132292556775e+01 2.185789333093238543e-02 1.233482347110161359e-01 4.811216779751045780e-02 2.084542966531020111e-09 9.600218123800499104e-01 2.588117931516860153e+03
6.516560162957370039e+01 2.184801723325284842e-02 1.234289678537483781e-01 3.598327968232611918e-02 2.033472077153716770e-09 9.584669074463951777e-01 2.596052195253068021e+03
6.494334095113514138e+01 2.186755189868188481e-02 1.240040647059844486e-01 4.561362174119132362e-02 2.074590569620220106e-09 9.579338476628176391e-01 2.593091085495434527e+03
6.549309751082297737e+01 2.187268934021407291e-02 1.223231631206038172e-01 6.346481640962725601e-02 2.142503049559316359e-09 9.629615981216896881e-01 2.593039167302521037e+03
6.531094801239392211e+01 2.191452103051182501e-02 1.229091595577256474e-01 6.411511969072847261e-02 2.150399091412749851e-09 9.605983379504644537e-01 2.593817356127240146e+03
6.531094801239392211e+01 2.191452103051182501e-02 1.229091595577256474e-01 6.411511969072847261e-02 2.150399091412749851e-09 9.605983379504644537e-01 2.593817356127240146e+03
6.556270149277078474e+01 2.186821192175994119e-02 1.220550521852795250e-01 5.896839900118214933e-02 2.121448824650375558e-09 9.632491977062273003e-01 2.592435706168534125e+03
6.556270149277078474e+01 2.186821192175994119e-02 1.220550521852795250e-01 5.896839900118214933e-02 2.121448824650375558e-09 9.632491977062273003e-01 2.592435706168534125e+03
6.572637859007893724e+01 2.188340967062298720e-02 1.217924498815921436e-01 5.314145345666027032e-02 2.096667631594864138e-09 9.645144546760535675e-01 2.589999918201473974e+03
6.566248098926705268e+01 2.189971240401055938e-02 1.222655256808778401e-01 6.251694601092266934e-02 2.137766711643706081e-09 9.649655084384030079e-01 2.589033328889922814e+03
6.582223975530671112e+01 2.190507584110117090e-02 1.220988133206132586e-01 6.853891805652982672e-02 2.162819473052126991e-09 9.667952240377293283e-01 2.590175883650421838e+03
6.582223975530671112e+01 2.190507584110117090e-02 1.220988133206132586e-01 6.853891805652982672e-02 2.162819473052126991e-09 9.667952240377293283e-01 2.590175883650421838e+03
6.553469964980605766e+01 2.190687671699107289e-02 1.227088283269413549e-01 6.325907534899365137e-02 2.143621998102724680e-09 9.639613981963411904e-01 2.588757156288143506e+03
6.553469964980605766e+01 2.190687671699107289e-02 1.227088283269413549e-01 6.325907534899365137e-02 2.143621998102724680e-09 9.639613981963411904e-01 2.588757156288143506e+03
6.560653370556292430e+01 2.192111057657690140e-02 1.226727396853480173e-01 6.163304550210652044e-02 2.138350041727791636e-09 9.633516556341003012e-01 2.586458483376349704e+03
6.553931524414235810e+01 2.190107189600514273e-02 1.228300182853995365e-01 5.284890832918101577e-02 2.101678849869445019e-09 9.626080506039041973e-01 2.585050583757074492e+03
6.574853586444021403e+01 2.191206025840081173e-02 1.223258084842952370e-01 5.655407638234088291e-02 2.114066996447670167e-09 9.657069353638185749e-01 2.585902278860787192e+03
6.547098254837713682e+01 2.193902758773704983e-02 1.232212569744261105e-01 5.919677855542179734e-02 2.132072470310812393e-09 9.618803794083851111e-01 2.585227776265779539e+03
6.523615216445645615e+01 2.192572867455078525e-02 1.240814469054682817e-01 5.586463849952663652e-02 2.124132743864058416e-09 9.582991228627599778e-01 2.584175422570194314e+03
6.523615216445645615e+01 2.192572867455078525e-02 1.240814469054682817e-01 5.586463849952663652e-02 2.124132743864058416e-09 9.582991228627599778e-01 2.584175422570194314e+03
6.523615216445645615e+01 2.192572867455078525e-02 1.240814469054682817e-01 5.586463849952663652e-02 2.124132743864058416e-09 9.582991228627599778e-01 2.584175422570194314e+03
6.525282161422342142e+01 2.193621168686404888e-02 1.240981836401640337e-01 5.008397478593228785e-02 2.099681854700902268e-09 9.588913758407321408e-01 2.584051738163292157e+03
6.525282161422342142e+01 2.193621168686404888e-02 1.240981836401640337e-01 5.008397478593228785e-02 2.099681854700902268e-09 9.588913758407321408e-01 2.584051738163292157e+03
6.520949308723280069e+01 2.193403839023547186e-02 1.242162182167018541e-01 6.183430777836576575e-02 2.150470793361336434e-09 9.577983779263150588e-01 2.585533369465093529e+03
6.520949308723280069e+01 2.193403839023547186e-02 1.242162182167018541e-01 6.183430777836576575e-02 2.150470793361336434e-09 9.577983779263150588e-01 2.585533369465093529e+03
6.520949308723280069e+01 2.193403839023547186e-02 1.242162182167018541e-01 6.183430777836576575e-02 2.150470793361336434e-09 9.577983779263150588e-01 2.585533369465093529e+03
6.537439185476904413e+01 2.188846753465879813e-02 1.235631723004452093e-01 5.400497697816596804e-02 2.114149085234221301e-09 9.568093508585637785e-01 2.585384344849255285e+03
6.537439185476904413e+01 2.188846753465879813e-02 1.235631723004452093e-01 5.400497697816596804e-02 2.114149085234221301e-09 9.568093508585637785e-01 2.585384344849255285e+03
6.537439185476904413e+01 2.188846753465879813e-02 1.235631723004452093e-01 5.400497697816596804e-02 2.114149085234221301e-09 9.568093508585637785e-01 2.585384344849255285e+03
6.537439185476904413e+01 2.188846753465879813e-02 1.235631723004452093e-01 5.400497697816596804e-02 2.114149085234221301e-09 9.568093508585637785e-01 2.585384344849255285e+03
6.537439185476904413e+01 2.188846753465879813e-02 1.235631723004452093e-01 5.400497697816596804e-02 2.114149085234221301e-09 9.568093508585637785e-01 2.585384344849255285e+03
6.537439185476904413e+01 2.188846753465879813e-02 1.235631723004452093e-01 5.400497697816596804e-02 2.114149085234221301e-09 9.568093508585637785e-01 2.585384344849255285e+03
6.537439185476904413e+01 2.188846753465879813e-02 1.235631723004452093e-01 5.400497697816596804e-02 2.114149085234221301e-09 9.568093508585637785e-01 2.585384344849255285e+03
6.537439185476904413e+01 2.188846753465879813e-02 1.235631723004452093e-01 5.400497697816596804e-02 2.114149085234221301e-09 9.568093508585637785e-01 2.585384344849255285e+03
6.511390992949570489e+01 2.190306377388705553e-02 1.243628445192226928e-01 5.404748241023948907e-02 2.119618036922203756e-09 9.536134449545128344e-01 2.588362009138123994e+03
6.511390992949570489e+01 2.190306377388705553e-02 1.243628445192226928e-01 5.404748241023948907e-02 2.119618036922203756e-09 9.536134449545128344e-01 2.588362009138123994e+03
6.562468494292572530e+01 2.188853511334968444e-02 1.230043417531296729e-01 6.209829475889005329e-02 2.147559234228951843e-09 9.577192220230413833e-01 2.585814552731967069e+03
6.547974949283609192e+01 2.187680903859045775e-02 1.233635919213965232e-01 4.841895893714914106e-02 2.094005402168343621e-09 9.544773448209722400e-01 2.588800564158270845e+03
6.568046294623444226e+01 2.185065800979826833e-02 1.226074719841167282e-01 5.203269508502913337e-02 2.102391967776821929e-09 9.567127539951701953e-01 2.587663064923219281e+03
6.566279557242408771e+01 2.187304563916647390e-02 1.226447465481047966e-01 5.842554313777929137e-02 2.130023947261751417e-09 9.569890710390942523e-01 2.587058089106725674e+03
6.585195956813407747e+01 2.186050613063210066e-02 1.222649691139711808e-01 5.919652527442006984e-02 2.133630200364431650e-09 9.568447843465743841e-01 2.588106143166150559e+03
6.585195956813407747e+01 2.186050613063210066e-02 1.222649691139711808e-01 5.919652527442006984e-02 2.133630200364431650e-09 9.568447843465743841e-01 2.588106143166150559e+03
6.562082498806550745e+01 2.188024686975276537e-02 1.230494201329307702e-01 5.098514241350687870e-02 2.104271458187023691e-09 9.546307574478584135e-01 2.588897983430219483e+03
6.562082498806550745e+01 2.188024686975276537e-02 1.230494201329307702e-01 5.098514241350687870e-02 2.104271458187023691e-09 9.546307574478584135e-01 2.588897983430219483e+03
6.573293734810593492e+01 2.188651114411594920e-02 1.226716938354552866e-01 5.003452585948331421e-02 2.099202978633943879e-09 9.565330958913379478e-01 2.587360439455696905e+03
6.573293734810593492e+01 2.188651114411594920e-02 1.226716938354552866e-01 5.003452585948331421e-02 2.099202978633943879e-09 9.565330958913379478e-01 2.587360439455696905e+03
6.537832995400898994e+01 2.195377494210540292e-02 1.236647111335186094e-01 5.914670760131546245e-02 2.142909908890883777e-09 9.556111192511719254e-01 2.588440942533263296e+03
6.538119459875431971e+01 2.198852527648169353e-02 1.237687932968176696e-01 5.562351824838759201e-02 2.128819429905640861e-09 9.559959758166776123e-01 2.588054146922614564e+03
6.506281490605542217e+01 2.203380428256338647e-02 1.247094493267553172e-01 5.475347789499292184e-02 2.131120986137732879e-09 9.535972177969602726e-01 2.591566260988700378e+03
6.506281490605542217e+01 2.203380428256338647e-02 1.247094493267553172e-01 5.475347789499292184e-02 2.131120986137732879e-09 9.535972177969602726e-01 2.591566260988700378e+03
6.506281490605542217e+01 2.203380428256338647e-02 1.247094493267553172e-01 5.475347789499292184e-02 2.131120986137732879e-09 9.535972177969602726e-01 2.591566260988700378e+03
6.506281490605542217e+01 2.203380428256338647e-02 1.247094493267553172e-01 5.475347789499292184e-02 2.131120986137732879e-09 9.535972177969602726e-01 2.591566260988700378e+03
6.512092869917832161e+01 2.202290296415131826e-02 1.246127421165948851e-01 5.508889073787101576e-02 2.132418722531544543e-09 9.541126606105508889e-01 2.591126224291980634e+03
6.512092869917832161e+01 2.202290296415131826e-02 1.246127421165948851e-01 5.508889073787101576e-02 2.132418722531544543e-09 9.541126606105508889e-01 2.591126224291980634e+03
6.521897312706167327e+01 2.199816748463027244e-02 1.241026304083406445e-01 5.209663920972266299e-02 2.115949172792766622e-09 9.558598716296580200e-01 2.590801682106332009e+03
6.531648435138072273e+01 2.198619284003073757e-02 1.241654911851857723e-01 6.590900693333262561e-02 2.174138978550816073e-09 9.560920083087088850e-01 2.589512033855250138e+03
6.549172363199087954e+01 2.197333368110101701e-02 1.238748518621053396e-01 5.755029204249591246e-02 2.136397761217966102e-09 9.576758422432024576e-01 2.585169759607773358e+03
6.549172363199087954e+01 2.197333368110101701e-02 1.238748518621053396e-01 5.755029204249591246e-02 2.136397761217966102e-09 9.576758422432024576e-01 2.585169759607773358e+03
6.549172363199087954e+01 2.197333368110101701e-02 1.238748518621053396e-01 5.755029204249591246e-02 2.136397761217966102e-09 9.576758422432024576e-01 2.585169759607773358e+03
6.549172363199087954e+01 2.197333368110101701e-02 1.238748518621053396e-01 5.755029204249591246e-02 2.136397761217966102e-09 9.576758422432024576e-01 2.585169759607773358e+03
6.549172363199087954e+01 2.197333368110101701e-02 1.238748518621053396e-01 5.755029204249591246e-02 2.136397761217966102e-09 9.576758422432024576e-01 2.585169759607773358e+03
6.549172363199087954e+01 2.197333368110101701e-02 1.238748518621053396e-01 5.755029204249591246e-02 2.136397761217966102e-09 9.576758422432024576e-01 2.585169759607773358e+03
6.559852537427629215e+01 2.197793264835904217e-02 1.238204504990068622e-01 5.265343370919040034e-02 2.116620213751146599e-09 9.589526438363600302e-01 2.586169603084600567e+03
6.573241663183783601e+01 2.191832112604603575e-02 1.233945068574697213e-01 5.012460124931183286e-02 2.102175100388300875e-09 9.579685953240218987e-01 2.584800406417783051e+03
6.566077187715610819e+01 2.190499396530945150e-02 1.234784681396173672e-01 5.453366616243120885e-02 2.120677263206057711e-09 9.578600270916538539e-01 2.584434926929938683e+03
6.566077187715610819e+01 2.190499396530945150e-02 1.234784681396173672e-01 5.453366616243120885e-02 2.120677263206057711e-09 9.578600270916538539e-01 2.584434926929938683e+03
6.566077187715610819e+01 2.190499396530945150e-02 1.234784681396173672e-01 5.453366616243120885e-02 2.120677263206057711e-09 9.578600270916538539e-01 2.584434926929938683e+03
6.559224769298937474e+01 2.187586693025283038e-02 1.234140143174439902e-01 5.476808195134531126e-02 2.121273956084246836e-09 9.567431687790335371e-01 2.585448723420809984e+03
6.559224769298937474e+01 2.187586693025283038e-02 1.234140143174439902e-01 5.476808195134531126e-02 2.121273956084246836e-09 9.567431687790335371e-01 2.585448723420809984e+03
6.559224769298937474e+01 2.187586693025283038e-02 1.234140143174439902e-01 5.476808195134531126e-02 2.121273956084246836e-09 9.567431687790335371e-01 2.585448723420809984e+03
6.559224769298937474e+01 2.187586693025283038e-02 1.234140143174439902e-01 5.476808195134531126e-02 2.121273956084246836e-09 9.567431687790335371e-01 2.585448723420809984e+03
6.559224769298937474e+01 2.187586693025283038e-02 1.234140143174439902e-01 5.476808195134531126e-02 2.121273956084246836e-09 9.567431687790335371e-01 2.585448723420809984e+03
6.559224769298937474e+01 2.187586693025283038e-02 1.234140143174439902e-01 5.476808195134531126e-02 2.121273956084246836e-09 9.567431687790335371e-01 2.585448723420809984e+03
6.572191353623787791e+01 2.186879394268276960e-02 1.230110551041634498e-01 6.894497430732848819e-02 2.178657231773318759e-09 9.576297986920552230e-01 2.589574066608553494e+03
6.562251450631575267e+01 2.187381532169892576e-02 1.234182722128663590e-01 6.785938707338690090e-02 2.175196949522925603e-09 9.565737878844053910e-01 2.590335161473624794e+03
6.551082764240808842e+01 2.185995186863242887e-02 1.235399719581985467e-01 7.056117735739871055e-02 2.185426476656340341e-09 9.570186069448393118e-01 2.591568453522120762e+03
6.551082764240808842e+01 2.185995186863242887e-02 1.235399719581985467e-01 7.056117735739871055e-02 2.185426476656340341e-09 9.570186069448393118e-01 2.591568453522120762e+03
6.513535049215263939e+01 2.188808137640936569e-02 1.245022616002315896e-01 6.220546723773936332e-02 2.154880833115098580e-09 9.544635632566417227e-01 2.588703278180475081e+03
6.513535049215263939e+01 2.188808137640936569e-02 1.245022616002315896e-01 6.220546723773936332e-02 2.154880833115098580e-09 9.544635632566417227e-01 2.588703278180475081e+03
6.498390147371932812e+01 2.187138458693167406e-02 1.249109115161215477e-01 5.245601862899717388e-02 2.115139332875601904e-09 9.542052284199847856e-01 2.587291520346185280e+03
6.498390147371932812e+01 2.187138458693167406e-02 1.249109115161215477e-01 5.245601862899717388e-02 2.115139332875601904e-09 9.542052284199847856e-01 2.587291520346185280e+03
6.506140685901560516e+01 2.185498979587578022e-02 1.247392269389625552e-01 5.598983243826773093e-02 2.126918466072604707e-09 9.551710622572161524e-01 2.588164925850769578e+03
6.506140685901560516e+01 2.185498979587578022e-02 1.247392269389625552e-01 5.598983243826773093e-02 2.126918466072604707e-09 9.551710622572161524e-01 2.588164925850769578e+03
6.506140685901560516e+01 2.185498979587578022e-02 1.247392269389625552e-01 5.598983243826773093e-02 2.126918466072604707e-09 9.551710622572161524e-01 2.588164925850769578e+03
6.516090247476400066e+01 2.188991710870244814e-02 1.245130901183992417e-01 6.130866398374340553e-02 2.149342970732542196e-09 9.575921963105704648e-01 2.585537146673555526e+03
6.516090247476400066e+01 2.188991710870244814e-02 1.245130901183992417e-01 6.130866398374340553e-02 2.149342970732542196e-09 9.575921963105704648e-01 2.585537146673555526e+03
6.516090247476400066e+01 2.188991710870244814e-02 1.245130901183992417e-01 6.130866398374340553e-02 2.149342970732542196e-09 9.575921963105704648e-01 2.585537146673555526e+03
6.516090247476400066e+01 2.188991710870244814e-02 1.245130901183992417e-01 6.130866398374340553e-02 2.149342970732542196e-09 9.575921963105704648e-01 2.585537146673555526e+03
6.516090247476400066e+01 2.188991710870244814e-02 1.245130901183992417e-01 6.130866398374340553e-02 2.149342970732542196e-09 9.575921963105704648e-01 2.585537146673555526e+03
6.516090247476400066e+01 2.188991710870244814e-02 1.245130901183992417e-01 6.130866398374340553e-02 2.149342970732542196e-09 9.575921963105704648e-01 2.585537146673555526e+03
6.505785603812068985e+01 2.193071733548688021e-02 1.246753631348658659e-01 5.516267954495088915e-02 2.123583060166321004e-09 9.593104276785372475e-01 2.585312543379476210e+03
6.505785603812068985e+01 2.193071733548688021e-02 1.246753631348658659e-01 5.516267954495088915e-02 2.123583060166321004e-09 9.593104276785372475e-01 2.585312543379476210e+03
6.522430098480101890e+01 2.191532677332921203e-02 1.242213510136174204e-01 6.292205890496584131e-02 2.153453455314160744e-09 9.603413384882856230e-01 2.585762717794518267e+03
6.522430098480101890e+01 2.191532677332921203e-02 1.242213510136174204e-01 6.292205890496584131e-02 2.153453455314160744e-09 9.603413384882856230e-01 2.585762717794518267e+03
6.495129763470022510e+01 2.192538833861712097e-02 1.248779582278067013e-01 5.948506372358407929e-02 2.141957735056348222e-09 9.582956422379370620e-01 2.586329991584977961e+03
6.515202062409052530e+01 2.190041880216155035e-02 1.243611220086641295e-01 6.286238835801480351e-02 2.154506314211651445e-09 9.581672472787966521e-01 2.586003829982607385e+03
6.515202062409052530e+01 2.190041880216155035e-02 1.243611220086641295e-01 6.286238835801480351e-02 2.154506314211651445e-09 9.581672472787966521e-01 2.586003829982607385e+03
6.515202062409052530e+01 2.190041880216155035e-02 1.243611220086641295e-01 6.286238835801480351e-02 2.154506314211651445e-09 9.581672472787966521e-01 2.586003829982607385e+03
6.515202062409052530e+01 2.190041880216155035e-02 1.243611220086641295e-01 6.286238835801480351e-02 2.154506314211651445e-09 9.581672472787966521e-01 2.586003829982607385e+03
6.524626556020892565e+01 2.189537359999822047e-02 1.240915260828832217e-01 6.042654363222754732e-02 2.143525392988832143e-09 9.590042880163205385e-01 2.584744862028758689e+03
6.524626556020892565e+01 2.189537359999822047e-02 1.240915260828832217e-01 6.042654363222754732e-02 2.143525392988832143e-09 9.590042880163205385e-01 2.584744862028758689e+03
6.511490243506987952e+01 2.190688823704891111e-02 1.244370413721992419e-01 6.038781737240700442e-02 2.143260417254095488e-09 9.598068627682679876e-01 2.585615353231663903e+03
6.518215215932320916e+01 2.188237120585768969e-02 1.243288385553413949e-01 4.656666720852380148e-02 2.085498887481668170e-09 9.593278155539906038e-01 2.584869784715865535e+03
6.526710079316200108e+01 2.187253605260082445e-02 1.241552847807213672e-01 5.060061836764091769e-02 2.102275888898678907e-09 9.586283034444105233e-01 2.583858750498948211e+03
6.522440944846839272e+01 2.190105906362672938e-02 1.243529157318905148e-01 4.832826363202322867e-02 2.093589158986485359e-09 9.598053453934222157e-01 2.584357380158830892e+03
6.522440944846839272e+01 2.190105906362672938e-02 1.243529157318905148e-01 4.832826363202322867e-02 2.093589158986485359e-09 9.598053453934222157e-01 2.584357380158830892e+03
6.522440944846839272e+01 2.190105906362672938e-02 1.243529157318905148e-01 4.832826363202322867e-02 2.093589158986485359e-09 9.598053453934222157e-01 2.584357380158830892e+03
6.522440944846839272e+01 2.190105906362672938e-02 1.243529157318905148e-01 4.832826363202322867e-02 2.093589158986485359e-09 9.598053453934222157e-01 2.584357380158830892e+03
6.519636088631347093e+01 2.191931119884048609e-02 1.243232014778163780e-01 5.411880478834978775e-02 2.118380961694678851e-09 9.612818044982129884e-01 2.586395690134131200e+03
6.519636088631347093e+01 2.191931119884048609e-02 1.243232014778163780e-01 5.411880478834978775e-02 2.118380961694678851e-09 9.612818044982129884e-01 2.586395690134131200e+03
6.546363730677134640e+01 2.192226567073626842e-02 1.235959513454065462e-01 5.568625103883443478e-02 2.121043550588139729e-09 9.642566245841645012e-01 2.587913348730541202e+03
6.546363730677134640e+01 2.192226567073626842e-02 1.235959513454065462e-01 5.568625103883443478e-02 2.121043550588139729e-09 9.642566245841645012e-01 2.587913348730541202e+03
6.546363730677134640e+01 2.192226567073626842e-02 1.235959513454065462e-01 5.568625103883443478e-02 2.121043550588139729e-09 9.642566245841645012e-01 2.587913348730541202e+03
6.591685862385538996e+01 2.188364359086780384e-02 1.223674938393514156e-01 5.861381899900008213e-02 2.125907200238614403e-09 9.681230839738008687e-01 2.587975960833509816e+03
6.591685862385538996e+01 2.188364359086780384e-02 1.223674938393514156e-01 5.861381899900008213e-02 2.125907200238614403e-09 9.681230839738008687e-01 2.587975960833509816e+03
6.591685862385538996e+01 2.188364359086780384e-02 1.223674938393514156e-01 5.861381899900008213e-02 2.125907200238614403e-09 9.681230839738008687e-01 2.587975960833509816e+03
6.591685862385538996e+01 2.188364359086780384e-02 1.223674938393514156e-01 5.861381899900008213e-02 2.125907200238614403e-09 9.681230839738008687e-01 2.587975960833509816e+03
6.571638669602243965e+01 2.186633118137722501e-02 1.228262020504646834e-01 5.204995796188920804e-02 2.099061402909464309e-09 9.659389112251378640e-01 2.584698413412776517e+03
6.571638669602243965e+01 2.186633118137722501e-02 1.228262020504646834e-01 5.204995796188920804e-02 2.099061402909464309e-09 9.659389112251378640e-01 2.584698413412776517e+03
6.571638669602243965e+01 2.186633118137722501e-02 1.228262020504646834e-01 5.204995796188920804e-02 2.099061402909464309e-09 9.659389112251378640e-01 2.584698413412776517e+03
6.588628181216172663e+01 2.186911752092806499e-02 1.224950561138977295e-01 5.099774236072206895e-02 2.094582700783366976e-09 9.680018856938963356e-01 2.587877032488207988e+03
6.588628181216172663e+01 2.186911752092806499e-02 1.224950561138977295e-01 5.099774236072206895e-02 2.094582700783366976e-09 9.680018856938963356e-01 2.587877032488207988e+03
6.588628181216172663e+01 2.186911752092806499e-02 1.224950561138977295e-01 5.099774236072206895e-02 2.094582700783366976e-09 9.680018856938963356e-01 2.587877032488207988e+03
6.588628181216172663e+01 2.186911752092806499e-02 1.224950561138977295e-01 5.099774236072206895e-02 2.094582700783366976e-09 9.680018856938963356e-01 2.587877032488207988e+03
6.588628181216172663e+01 2.186911752092806499e-02 1.224950561138977295e-01 5.099774236072206895e-02 2.094582700783366976e-09 9.680018856938963356e-01 2.587877032488207988e+03
6.551962391363410632e+01 2.188423874602460351e-02 1.234366346331744052e-01 4.456761523553343790e-02 2.072808014542382539e-09 9.643014703037334767e-01 2.587266188440145470e+03
6.551249982200246791e+01 2.185714701557238404e-02 1.234509828955399069e-01 3.913778032937948598e-02 2.046982148911120287e-09 9.637890034119050986e-01 2.588006314138885045e+03
6.541206520900369981e+01 2.188641551623592835e-02 1.237580195332201594e-01 4.327075984047050461e-02 2.067778200700709570e-09 9.633605369407189922e-01 2.586690905700930216e+03
6.543943173086391596e+01 2.189270324253229580e-02 1.239735005634909348e-01 4.637057833398620932e-02 2.083637487802489485e-09 9.629689266100355249e-01 2.585962858735359532e+03
6.557139195329868642e+01 2.189831958276790280e-02 1.234773085510780244e-01 5.859304085608352253e-02 2.130906461372655339e-09 9.650812476666408291e-01 2.585843096631085245e+03
6.552196847149107839e+01 2.186216530730445209e-02 1.233580484598308519e-01 4.415800058228257219e-02 2.067259377487463583e-09 9.644016012001920268e-01 2.585962987017087471e+03
6.552196847149107839e+01 2.186216530730445209e-02 1.233580484598308519e-01 4.415800058228257219e-02 2.067259377487463583e-09 9.644016012001920268e-01 2.585962987017087471e+03
6.544396503752501815e+01 2.184020062781203905e-02 1.237594464486489465e-01 4.827325235078402943e-02 2.084891532886647975e-09 9.632581940184025138e-01 2.585544853084543774e+03
6.544396503752501815e+01 2.184020062781203905e-02 1.237594464486489465e-01 4.827325235078402943e-02 2.084891532886647975e-09 9.632581940184025138e-01 2.585544853084543774e+03
6.544396503752501815e+01 2.184020062781203905e-02 1.237594464486489465e-01 4.827325235078402943e-02 2.084891532886647975e-09 9.632581940184025138e-01 2.585544853084543774e+03
6.553360608802090326e+01 2.185043697241269983e-02 1.234022889385894967e-01 5.557103833422182698e-02 2.112877938426117009e-09 9.647990873130336542e-01 2.584949901237464928e+03
6.553360608802090326e+01 2.185043697241269983e-02 1.234022889385894967e-01 5.557103833422182698e-02 2.112877938426117009e-09 9.647990873130336542e-01 2.584949901237464928e+03
6.553360608802090326e+01 2.185043697241269983e-02 1.234022889385894967e-01 5.557103833422182698e-02 2.112877938426117009e-09 9.647990873130336542e-01 2.584949901237464928e+03
6.556873595742091254e+01 2.183048121775228376e-02 1.232126970925027654e-01 5.645937039032818822e-02 2.116303225423653802e-09 9.633535667985602124e-01 2.584588863436365500e+03
6.594771425499185113e+01 2.182696798765671950e-02 1.222781955552316863e-01 5.838189109788742559e-02 2.118299846366531786e-09 9.684420046388474423e-01 2.585641302325734614e+03
6.594771425499185113e+01 2.182696798765671950e-02 1.222781955552316863e-01 5.838189109788742559e-02 2.118299846366531786e-09 9.684420046388474423e-01 2.585641302325734614e+03
6.594771425499185113e+01 2.182696798765671950e-02 1.222781955552316863e-01 5.838189109788742559e-02 2.118299846366531786e-09 9.684420046388474423e-01 2.585641302325734614e+03
6.536967708731741311e+01 2.183602195949596245e-02 1.237384391026138813e-01 5.916194569145643428e-02 2.127913277973898925e-09 9.634681795981303587e-01 2.587380168984264856e+03
6.536967708731741311e+01 2.183602195949596245e-02 1.237384391026138813e-01 5.916194569145643428e-02 2.127913277973898925e-09 9.634681795981303587e-01 2.587380168984264856e+03
6.536967708731741311e+01 2.183602195949596245e-02 1.237384391026138813e-01 5.916194569145643428e-02 2.127913277973898925e-09 9.634681795981303587e-01 2.587380168984264856e+03
6.536967708731741311e+01 2.183602195949596245e-02 1.237384391026138813e-01 5.916194569145643428e-02 2.127913277973898925e-09 9.634681795981303587e-01 2.587380168984264856e+03
6.536967708731741311e+01 2.183602195949596245e-02 1.237384391026138813e-01 5.916194569145643428e-02 2.127913277973898925e-09 9.634681795981303587e-01 2.587380168984264856e+03
6.531286743538956330e+01 2.183466946089379634e-02 1.237249863841598518e-01 5.580900045364367568e-02 2.113294335699921590e-09 9.634450237883196433e-01 2.587288791345652498e+03
6.555859213388532680e+01 2.182193486190120435e-02 1.231726974223687349e-01 5.164481874168722064e-02 2.094553376388644974e-09 9.648668952892733852e-01 2.585422618680813684e+03
6.555859213388532680e+01 2.182193486190120435e-02 1.231726974223687349e-01 5.164481874168722064e-02 2.094553376388644974e-09 9.648668952892733852e-01 2.585422618680813684e+03
6.551360148517240134e+01 2.182431184623972314e-02 1.233095004414616336e-01 5.709837281763866651e-02 2.117192547921435527e-09 9.644832117078748768e-01 2.586399601336267551e+03
6.551360148517240134e+01 2.182431184623972314e-02 1.233095004414616336e-01 5.709837281763866651e-02 2.117192547921435527e-09 9.644832117078748768e-01 2.586399601336267551e+03
6.551360148517240134e+01 2.182431184623972314e-02 1.233095004414616336e-01 5.709837281763866651e-02 2.117192547921435527e-09 9.644832117078748768e-01 2.586399601336267551e+03
6.554819996626322620e+01 2.182471202103897223e-02 1.233108441125559812e-01 5.780845874523169586e-02 2.121234356436919624e-09 9.653286019622140390e-01 2.585842089369221867e+03
6.566341390391913535e+01 2.185489826951735048e-02 1.232133375927036562e-01 6.154461327434705697e-02 2.138029458120804448e-09 9.666815975489743140e-01 2.586541232050053168e+03
6.566341390391913535e+01 2.185489826951735048e-02 1.232133375927036562e-01 6.154461327434705697e-02 2.138029458120804448e-09 9.666815975489743140e-01 2.586541232050053168e+03
6.564951062981349139e+01 2.185173706121445319e-02 1.231667973514897346e-01 6.017984443739306938e-02 2.131454843675415099e-09 9.655321955266306100e-01 2.585330229389989199e+03
6.568092782508188066e+01 2.186623421962130207e-02 1.230317679294380545e-01 6.159414763320462949e-02 2.136715177100818470e-09 9.658507098062389939e-01 2.585498130265336385e+03
6.537806116309599247e+01 2.187053969673264167e-02 1.238248935322851657e-01 5.442281180138650032e-02 2.109755616715843875e-09 9.630729952720614717e-01 2.585398792668053375e+03
6.537806116309599247e+01 2.187053969673264167e-02 1.238248935322851657e-01 5.442281180138650032e-02 2.109755616715843875e-09 9.630729952720614717e-01 2.585398792668053375e+03
6.537806116309599247e+01 2.187053969673264167e-02 1.238248935322851657e-01 5.442281180138650032e-02 2.109755616715843875e-09 9.630729952720614717e-01 2.585398792668053375e+03
6.537806116309599247e+01 2.187053969673264167e-02 1.238248935322851657e-01 5.442281180138650032e-02 2.109755616715843875e-09 9.630729952720614717e-01 2.585398792668053375e+03
6.537806116309599247e+01 2.187053969673264167e-02 1.238248935322851657e-01 5.442281180138650032e-02 2.109755616715843875e-09 9.630729952720614717e-01 2.585398792668053375e+03
6.537806116309599247e+01 2.187053969673264167e-02 1.238248935322851657e-01 5.442281180138650032e-02 2.109755616715843875e-09 9.630729952720614717e-01 2.585398792668053375e+03
6.542708502208843413e+01 2.186924203116240306e-02 1.235696335449777694e-01 6.124947759576727241e-02 2.138293981085761835e-09 9.620529844101425310e-01 2.585838240606351519e+03
6.542708502208843413e+01 2.186924203116240306e-02 1.235696335449777694e-01 6.124947759576727241e-02 2.138293981085761835e-09 9.620529844101425310e-01 2.585838240606351519e+03
6.542708502208843413e+01 2.186924203116240306e-02 1.235696335449777694e-01 6.124947759576727241e-02 2.138293981085761835e-09 9.620529844101425310e-01 2.585838240606351519e+03
6.542708502208843413e+01 2.186924203116240306e-02 1.235696335449777694e-01 6.124947759576727241e-02 2.138293981085761835e-09 9.620529844101425310e-01 2.585838240606351519e+03
6.542708502208843413e+01 2.186924203116240306e-02 1.235696335449777694e-01 6.124947759576727241e-02 2.138293981085761835e-09 9.620529844101425310e-01 2.585838240606351519e+03
6.544460228530437007e+01 2.185882719083703449e-02 1.234867891473330898e-01 5.045885992466953018e-02 2.093241551393277566e-09 9.607360784434508805e-01 2.585221614228210456e+03
